mouse
201,-699,-199,101,-299,-1099,1,-99,301,-99,
cat
301,201,401,601,1001,401,701,201,601,801,
mouse
-99,201,301,-1099,-399,-399,-599,-299,-499,-299,
cat
601,901,401,601,601,601,401,801,1201,801,
mouse
-199,-299,-399,-299,-399,-299,-499,-499,-499,-99,
cat
901,401,1801,401,301,201,1201,201,501,301,
mouse
-99,1,-699,-1099,-199,-299,-199,-499,-799,-399,
cat
901,1501,401,901,701,901,801,301,301,601,
mouse
201,-399,-699,-199,-499,-599,-99,101,101,701,
cat
1101,401,701,401,201,201,501,201,201,801,
mouse
201,-599,-299,-399,501,-299,-99,-399,-899,-499,
cat
901,301,1101,901,101,501,301,101,1101,201,
mouse
-799,-599,-199,-599,1,-199,-799,1,-499,-499,
cat
1301,1201,901,1,301,101,401,501,501,1401,
mouse
-199,-199,-99,201,-499,-499,-499,-599,-899,-599,
cat
1301,1101,201,1101,201,301,501,701,301,601,
mouse
901,-1399,-799,-899,-499,-699,-599,-399,-499,-299,
cat
1001,701,1301,701,201,1201,1101,401,601,501,
mouse
1,-199,-699,1,-399,-99,-399,-899,-499,-99,
cat
601,1001,301,501,401,501,801,101,601,1101,
mouse
-199,201,-1099,1,-299,-299,-899,-799,-299,1,
cat
801,801,201,801,701,701,1401,401,601,301,
mouse
901,-99,-399,-599,301,401,1,1,-799,101,
cat
401,1001,301,201,601,201,601,801,1101,201,
mouse
-99,-99,-399,1,-99,401,1,-199,301,-999,
cat
201,1501,101,101,1,701,301,401,101,1601,
mouse
-199,-299,-299,-299,-99,-99,401,-499,-299,1,
cat
601,701,201,101,601,601,401,801,201,301,
mouse
1,1,301,-699,1,-899,-399,-599,-399,-299,
cat
201,901,701,301,701,701,1301,201,401,601,
mouse
-599,-199,-399,1,-199,-299,-399,-299,-999,-699,
cat
701,901,1501,701,401,1101,101,601,501,401,
mouse
1,-499,-199,-399,-499,-599,-199,1,701,-499,
cat
901,501,1301,301,801,801,201,1201,101,801,
mouse
-499,-399,-799,-299,-799,-199,-999,-499,-999,-199,
cat
701,2101,1401,801,501,501,1001,1001,401,101,
mouse
-399,-499,-399,-599,-299,-599,-899,1,-699,-599,
cat
1201,701,301,701,601,601,901,501,501,1001,
mouse
-199,-499,-699,-399,-199,-799,-799,-599,101,301,
cat
901,701,501,1101,1701,401,101,701,401,501,
mouse
-199,1,-499,-699,-499,-599,301,-499,-599,-699,
cat
1701,401,901,301,201,601,1001,1,801,1501,
mouse
-199,-699,-499,-899,-599,-799,-1199,1,-99,-699,
cat
1101,1001,1001,1001,901,601,801,401,701,701,
mouse
-499,-99,-499,-499,-699,-699,-199,-299,-399,-299,
cat
401,1601,301,401,301,901,1101,1,301,701,
mouse
-399,-299,-599,201,-699,-399,-599,-699,-599,1,
cat
1801,801,401,401,601,301,201,301,601,801,
mouse
101,-399,-299,101,-599,-399,-199,-699,-99,-599,
cat
601,1001,301,201,901,201,801,801,401,101,
mouse
-299,-499,-399,-199,-199,-99,1,-599,1,-299,
cat
501,601,101,701,601,501,201,601,501,201,
mouse
-799,-599,-99,-299,-499,-399,-499,101,-1099,-399,
cat
501,601,1101,301,901,701,501,301,201,1001,
mouse
-499,-499,-199,-599,-699,-199,101,-599,-299,-699,
cat
201,301,301,601,1201,501,701,701,501,601,
mouse
-599,-399,-599,-599,-399,-299,-699,-1099,1,-299,
cat
201,901,1,401,401,801,1901,1101,801,201,
mouse
-599,-99,1,-299,-699,-399,-399,-799,-99,-599,
cat
1201,801,901,401,401,701,901,201,201,701,
mouse
-99,301,-299,-899,-1299,-499,-299,-399,-299,-799,
cat
501,301,601,1101,101,501,1001,1401,1101,701,
mouse
-399,201,201,1,-599,-799,1,-899,-99,-799,
cat
301,1101,601,401,501,301,401,701,401,401,
mouse
-99,-299,-799,-299,-99,-99,-599,-399,-499,-499,
cat
501,301,801,701,401,1501,601,301,101,301,
mouse
-699,-299,-599,101,-799,-399,-799,-699,-99,-299,
cat
2101,501,201,401,601,901,801,401,501,101,
mouse
1,-99,-99,-399,-699,101,-599,-399,-199,-499,
cat
701,501,501,501,301,501,501,401,301,401,
mouse
-399,-199,-399,-199,-299,-599,-99,-499,-499,-99,
cat
301,201,301,801,901,401,301,201,501,601,
mouse
-199,-299,-299,-899,-99,-499,-599,-299,-599,-899,
cat
601,701,801,601,801,601,501,1101,301,301,
mouse
-699,-499,-1199,-1199,-799,-699,-599,-599,-999,-1199,
cat
1801,201,1201,1101,1001,601,701,801,701,1201,
mouse
-299,-799,-699,-1299,201,-299,-1199,-599,-299,-199,
cat
301,701,701,1101,1201,901,401,601,1001,701,
mouse
-99,-299,-199,-1299,-499,-199,-399,-499,-99,201,
cat
601,401,1201,1401,201,401,501,101,201,301,
mouse
401,-699,-1699,-499,-899,-999,-499,-699,-299,-799,
cat
1701,1101,501,701,501,701,801,801,301,1101,
mouse
1,-299,-799,-99,-699,-699,-1299,-499,-199,1,
cat
801,501,301,601,1001,901,701,401,601,501,
mouse
1,1,-199,-1099,-399,-1299,-199,201,-399,-1099,
cat
801,601,1201,701,501,401,401,1101,601,801,
mouse
-599,-99,101,-899,-599,-299,-499,-299,1,-1299,
cat
1401,401,501,1501,401,501,201,801,701,501,
mouse
-99,-199,-699,-99,101,-199,-799,-999,-299,-399,
cat
1,401,1401,901,201,101,701,1301,801,201,
mouse
301,1,501,-299,-899,-399,-199,1,-199,1,
cat
201,801,501,401,401,1,1001,901,401,101,
mouse
-99,-699,-99,201,401,101,1,1,-1399,1,
cat
401,101,501,601,1201,601,1,301,301,501,
mouse
-299,1,1,-499,401,-99,101,1,-99,-199,
cat
1,101,401,201,301,201,501,301,801,601,
mouse
1,-199,-799,201,501,201,101,101,-399,-599,
cat
101,701,301,201,201,401,701,401,101,601,
mouse
401,301,-99,-399,-199,1,401,501,1,1,
cat
801,301,301,1,501,201,201,301,101,101,
mouse
101,-299,101,-399,201,1,101,-499,-199,-299,
cat
101,201,101,701,501,401,501,101,301,101,
mouse
201,201,1,-199,-199,-199,301,301,301,1,
cat
101,401,201,201,601,701,401,201,301,101,
mouse
-199,301,201,101,101,-499,1,-99,1,1,
cat
201,301,101,101,201,101,301,101,1,301,
mouse
-399,301,201,-99,-299,1,-299,301,-399,801,
cat
301,1,301,201,1,601,601,201,301,501,
mouse
101,401,-99,1,101,-299,1,-299,201,-299,
cat
301,101,201,301,301,201,1,201,101,301,
mouse
-199,-199,201,-99,1,-199,201,-99,301,-99,
cat
101,1,301,501,1001,401,301,301,101,301,
mouse
-199,501,-399,-799,-299,1,-199,101,-199,301,
cat
901,101,501,201,401,101,201,901,1001,201,
mouse
601,-99,101,-499,901,1,-599,-99,501,-299,
cat
601,301,201,401,201,101,501,601,201,601,
mouse
501,-199,1,-199,401,-99,-199,-399,101,301,
cat
301,701,701,201,501,401,501,101,301,1,
mouse
201,-299,-99,201,-599,101,-199,-99,101,-399,
cat
201,201,401,501,601,501,1001,1,701,501,
mouse
201,-299,1,-99,-499,1,-199,-399,-1099,101,
cat
901,1001,701,301,301,301,601,501,301,401,
mouse
-599,-99,-599,301,-799,-199,1,-1399,-599,-499,
cat
801,501,501,601,601,801,1001,1201,701,601,
mouse
-299,-699,101,101,-499,-99,-499,-299,-299,-299,
cat
701,501,601,401,601,401,501,301,301,501,
mouse
-199,401,-99,-99,101,-299,-499,-699,-499,-99,
cat
601,601,301,501,501,801,1,501,201,401,
mouse
-499,-199,-1099,-199,-299,-899,-299,-99,-99,1,
cat
801,501,701,701,701,1101,801,401,801,701,
mouse
-299,-99,-399,-199,-799,201,-499,-99,1,1,
cat
601,301,601,501,701,601,801,501,101,601,
mouse
-599,301,-199,-999,-499,1,-499,-99,-699,-399,
cat
801,901,1201,501,701,801,701,801,101,1201,
mouse
-99,701,201,-499,-299,-99,-699,-599,1,201,
cat
301,201,901,501,601,401,201,401,501,601,
mouse
501,101,-799,301,-199,-499,-299,-799,-199,-599,
cat
801,101,901,401,501,1101,701,1301,801,1201,
mouse
-499,401,-999,-199,-999,1,1,-699,-899,501,
cat
501,201,901,601,1801,1201,601,1601,701,401,
mouse
401,701,-599,-199,-899,101,101,301,-399,301,
cat
2101,101,401,301,801,601,401,501,301,301,
mouse
501,1,501,201,-99,301,-99,1,-399,-199,
cat
601,701,301,201,401,101,201,701,501,901,
mouse
501,1,-299,-299,1,101,-199,401,-299,-99,
cat
1001,101,301,501,501,301,701,301,401,601,
mouse
-99,-399,201,1,-299,1,-399,101,-499,101,
cat
1101,501,601,201,301,601,701,401,401,501,
mouse
-99,201,-299,-599,-599,401,-199,-999,-299,-599,
cat
301,401,501,101,1301,401,1101,301,801,801,
mouse
-899,-199,-399,401,1,101,-799,-399,-99,1,
cat
901,301,201,601,401,601,1001,701,601,201,
mouse
-699,-899,-499,-599,201,301,1,-99,-299,-299,
cat
701,501,1001,301,801,101,401,501,401,501,
mouse
-299,201,-499,601,-499,-199,-299,-399,1,1,
cat
601,1101,101,601,101,501,1,1,801,201,
mouse
-599,-499,-199,301,201,-399,-499,-299,-199,1,
cat
901,501,601,801,501,101,501,201,301,701,
mouse
1,601,-299,101,101,901,101,501,101,-199,
cat
301,201,101,201,601,401,101,201,301,501,
mouse
101,401,-99,-599,-299,401,-399,201,-299,-99,
cat
201,401,301,301,501,701,1,201,301,101,
mouse
1,301,301,-99,-99,501,201,301,-99,-399,
cat
1001,201,101,201,401,1,1,201,101,1,
mouse
301,701,201,101,1,1,-299,201,801,401,
cat
101,201,201,1,301,201,1,1,1,401,
mouse
-99,301,201,-199,301,101,301,-499,501,1,
cat
601,201,101,101,201,501,301,601,401,601,
mouse
201,301,1,301,1,1,401,-299,1,-299,
cat
101,201,501,101,1,1,201,101,901,1,
mouse
501,201,-199,-99,401,-299,401,1,-299,201,
cat
301,1,201,301,101,1,501,201,201,301,
mouse
-99,101,-299,401,501,1,401,101,1,-899,
cat
1,201,201,301,401,1,501,301,1401,301,
mouse
301,1,-99,-299,201,101,-699,401,-399,1,
cat
901,301,401,401,801,401,101,601,201,1,
mouse
101,-399,-699,701,301,-299,-499,101,801,401,
cat
701,301,301,401,301,301,401,401,1,601,
mouse
-399,201,-699,-99,-299,501,-299,-199,301,-399,
cat
301,401,901,801,401,601,101,701,601,601,
mouse
-199,501,-399,101,-99,301,-699,-99,-99,-99,
cat
301,301,901,1201,301,1,101,201,301,1,
mouse
301,-99,-99,1,501,-99,-399,-299,-199,1,
cat
1001,601,301,201,101,201,101,601,201,301,
mouse
301,-99,-299,-99,-299,-299,-299,-299,-99,-299,
cat
601,501,101,601,901,201,501,701,901,501,
mouse
101,-399,-399,-299,1,-299,-399,-699,-499,-199,
cat
501,1201,801,601,801,401,401,501,601,201,
mouse
-399,501,-699,1,-199,-399,101,-499,-299,1,
cat
901,301,401,301,401,401,101,501,1201,101,
mouse
-99,-699,1,-299,-399,-499,-499,1,1,-199,
cat
1001,401,101,1401,101,401,601,601,301,301,
mouse
-199,1,101,301,201,101,-199,-399,-199,701,
cat
801,301,301,1,401,401,401,201,801,201,
mouse
101,301,-599,-599,-99,-299,-399,101,101,301,
cat
401,701,501,1001,201,901,601,201,201,301,
mouse
-199,101,1,201,-799,-199,-1499,101,-199,-1399,
cat
801,1901,1001,301,401,1001,601,901,801,101,
mouse
301,-299,-599,201,-299,201,-99,-199,-399,101,
cat
801,301,601,401,201,201,801,501,1401,301,
mouse
101,-499,301,-1199,-99,-1099,-99,-1099,101,-199,
cat
601,1001,801,501,601,901,601,801,1501,401,
mouse
1,-199,-499,701,401,301,201,-299,-99,-99,
cat
1301,401,401,101,1701,401,1,801,401,201,
mouse
1,401,-499,-399,501,-99,901,-199,-99,-199,
cat
2001,1001,401,1,401,201,501,301,1,601,
mouse
901,-799,-99,-599,-499,-199,-99,-199,-99,401,
cat
1101,801,1101,301,1001,501,401,601,801,801,
mouse
101,-299,101,1,1,601,-199,-99,301,-99,
cat
601,501,201,1,601,201,101,301,101,201,
mouse
1,101,-99,501,301,-299,1,601,101,101,
cat
301,1201,401,401,501,1,401,701,401,701,
mouse
-299,501,-99,-799,-599,-199,201,101,1,-99,
cat
1001,101,501,701,501,1401,201,501,501,501,
mouse
401,201,101,501,-299,-199,-199,-999,-199,-299,
cat
2001,401,1301,301,1,601,601,501,801,501,
mouse
201,-299,501,201,501,301,301,301,701,101,
cat
301,701,701,301,301,301,501,101,201,101,
mouse
1,501,-399,-199,-699,701,301,1,101,101,
cat
801,501,201,201,601,701,801,401,101,301,
mouse
1,-199,501,201,201,-299,201,-199,301,-299,
cat
301,301,201,401,701,1201,401,201,301,201,
mouse
101,-99,1,-699,-899,101,-399,-999,101,-499,
cat
801,1101,501,801,701,901,1401,501,301,1001,
mouse
601,201,-399,-299,-499,-399,101,901,-299,-699,
cat
1201,501,1101,401,801,1401,501,501,601,701,
mouse
701,501,-399,201,101,-399,301,-99,-99,-399,
cat
1201,201,201,401,401,301,201,401,201,601,
mouse
201,-199,-199,-299,301,1,601,1101,-999,1,
cat
601,201,301,801,501,901,301,601,601,401,
mouse
601,-499,-399,-199,-299,-999,1,-199,-199,301,
cat
801,701,1401,301,1101,401,301,401,601,501,
mouse
101,-299,-99,-199,101,-299,-99,-399,701,201,
cat
701,1101,201,101,601,301,501,801,301,501,
mouse
101,-299,201,-499,1,-299,-899,-999,-699,-299,
cat
1101,1001,1001,701,701,701,501,501,901,1501,
mouse
201,701,701,-199,101,-499,501,-99,-199,501,
cat
501,501,1,601,601,1,401,201,201,1101,
mouse
101,601,-299,-499,801,201,1,-699,-99,201,
cat
601,801,501,601,1001,701,701,401,501,601,
mouse
-399,-199,501,-199,-199,301,301,-499,301,501,
cat
901,201,601,401,601,301,601,501,501,301,
mouse
501,801,-299,201,201,101,-199,301,-299,1,
cat
701,501,301,801,801,1,901,601,201,201,
mouse
1,1,1,-299,-99,901,-199,101,-299,101,
cat
401,501,1001,301,1,101,101,1,201,1001,
mouse
501,201,-299,1,-99,-199,-399,1,-99,-99,
cat
101,1,301,1,301,301,401,601,401,1,
mouse
-299,1,1,-199,101,201,301,-199,101,-199,
cat
301,101,501,101,201,101,501,101,401,301,
mouse
-199,101,-399,-499,-299,301,301,-199,501,-599,
cat
601,801,201,301,101,201,201,801,101,101,
mouse
701,1,701,201,1,201,-99,-299,1,-199,
cat
101,601,301,101,201,1,301,101,101,101,
mouse
101,-299,301,401,201,-199,-99,-299,-199,101,
cat
101,301,501,201,101,701,1001,501,701,201,
mouse
-299,301,1,101,-99,201,101,-399,501,-999,
cat
501,101,401,501,301,401,501,301,501,1,
mouse
201,-199,-399,-199,301,1,301,-99,101,201,
cat
1,501,1,201,301,301,301,301,201,201,
mouse
201,-299,201,101,-199,101,-399,-299,301,-99,
cat
201,201,401,601,401,601,401,601,601,301,
mouse
-499,-499,-499,-399,1,-599,-199,1,-199,201,
cat
701,401,1301,301,301,401,901,401,501,1201,
mouse
-99,1,-199,-499,101,201,-99,-199,-99,-199,
cat
601,401,301,201,201,201,201,301,701,501,
mouse
-199,-299,-499,-899,-299,-599,-499,301,201,-199,
cat
501,501,701,301,1401,901,901,201,801,301,
mouse
-199,301,801,-99,-99,-599,1,-199,-99,1,
cat
301,501,1,701,601,701,301,301,201,401,
mouse
201,-299,201,-799,-99,401,-499,101,1,-99,
cat
101,401,401,501,701,301,701,1,1101,301,
mouse
301,-99,-399,-599,-899,401,-1199,101,501,-299,
cat
601,301,1801,1101,201,801,201,501,301,1201,
mouse
1,501,-499,201,-999,1,301,-199,201,-599,
cat
1501,501,201,601,901,701,201,701,701,201,
mouse
501,-99,-499,-99,-699,-199,-799,-399,-999,-699,
cat
1601,101,601,301,1301,701,1201,301,1501,1401,
mouse
101,-199,-399,601,-99,101,-799,101,-299,-199,
cat
1001,501,101,401,801,701,201,901,601,501,
mouse
1,1301,-799,-899,301,-199,-199,-899,-299,-499,
cat
1001,1201,801,601,1001,101,1001,601,501,1001,
mouse
101,1,-99,-299,-199,-699,1,-199,-299,-899,
cat
601,1601,501,701,501,801,901,501,201,1001,
mouse
-599,-599,601,1,-599,-999,-499,-599,-199,101,
cat
1301,1501,601,201,401,501,401,201,601,1101,
mouse
1,-699,-199,201,-799,201,-799,-799,-399,-199,
cat
501,601,1001,1301,501,501,401,1201,601,301,
mouse
1,1,401,-799,-699,-299,-199,-599,-699,-99,
cat
501,501,201,1601,401,301,501,601,1,101,
mouse
-299,201,-799,-99,1,1,-1299,-799,-999,801,
cat
1101,601,1401,1,501,401,601,901,701,701,
mouse
701,201,-399,-99,-99,-199,-899,701,-199,601,
cat
501,201,401,801,201,301,1301,101,301,301,
mouse
-299,-199,-99,1,1,1,1,201,201,1,
cat
1,501,201,1,201,101,501,301,401,101,
mouse
1,-99,201,101,1,-199,101,101,1,-399,
cat
401,201,1,401,101,1,401,1,101,1,
mouse
1,-99,1,101,1,-99,1,-199,101,1,
cat
1,1,101,101,1,1,101,1,201,201,
mouse
1,201,-299,201,1,-499,101,1201,-599,-99,
cat
201,401,201,401,201,101,301,1,401,401,
mouse
201,401,-499,1,1,-99,401,-99,201,101,
cat
101,101,401,1,301,201,101,101,101,101,
mouse
201,1,101,-199,1,1,1,101,-599,-99,
cat
201,1,1,1,101,201,201,1,1,301,
mouse
-499,-399,-399,-199,-499,-799,-99,-99,-199,-299,
cat
1101,101,101,201,101,301,301,701,1501,101,
mouse
1,-299,1,-199,101,101,-199,1,-399,-699,
cat
1101,201,401,601,701,201,201,301,101,301,
mouse
101,301,-399,201,-199,201,-99,-99,301,-199,
cat
101,1,701,1,1,1,301,101,601,301,
mouse
-99,201,1,1,1,1,-99,201,1,-99,
cat
101,1,301,301,1,101,201,101,301,1,
mouse
1,1,301,1,-99,-399,201,1,1,1,
cat
301,1,501,101,201,401,1,1,1,1,
mouse
1,101,-499,201,-199,201,301,-199,-99,-99,
cat
201,101,1,201,201,201,1,401,201,201,
mouse
-499,101,1,-199,-199,-299,-99,-599,-199,-599,
cat
1,101,801,701,101,101,1,401,501,701,
mouse
1,-399,-399,1,-599,-899,-299,-99,-199,-499,
cat
1001,101,801,201,501,101,201,801,201,301,
mouse
101,-399,-99,-899,-99,101,1,1,-99,101,
cat
301,401,201,201,1,501,101,101,201,1,
mouse
1,1,-99,-299,101,-199,-299,1,-199,401,
cat
301,501,101,1,101,601,1,101,101,101,
mouse
-299,-99,-699,-199,1,-99,-399,-399,201,-299,
cat
801,701,101,201,101,701,101,501,1,601,
mouse
-199,-199,101,-99,-799,-399,-699,101,-99,101,
cat
601,301,101,501,101,101,101,101,401,901,
mouse
-99,201,-399,1,-299,-399,1,-199,1,-399,
cat
801,1,101,101,101,101,1001,101,1,501,
mouse
1,1,1,-399,-99,-99,-99,-99,-99,1,
cat
801,101,201,301,1,1,101,101,1,1,
mouse
1,-199,1,1,101,1,-99,-99,-99,1,
cat
101,1,201,101,1,101,101,1,101,1,
mouse
201,101,1,-99,-99,1,1,201,101,-199,
cat
201,1,1,101,101,101,1,1,101,1,
mouse
101,1,-299,1,101,101,101,-99,-99,1,
cat
1,1,101,101,101,1,101,1,201,101,
mouse
1,1,1,1,401,1,-399,-299,-99,1,
cat
201,401,201,101,501,1,301,1,501,301,
mouse
-199,1,-199,201,1,-199,1,601,1,-99,
cat
301,201,1,501,1,201,501,201,101,301,
mouse
-199,101,201,-399,-99,-199,101,-299,-99,-199,
cat
301,501,901,1,101,401,201,101,101,1,
mouse
-99,-399,101,-199,-199,101,-299,-99,301,-299,
cat
1,101,201,101,601,301,301,201,601,801,
mouse
-199,-99,-599,-199,-699,-699,-299,1,-199,-299,
cat
601,501,401,301,401,401,601,1101,601,401,
mouse
-299,1,1,1,101,-399,1,1,-799,-399,
cat
701,401,201,601,301,701,501,601,301,101,
mouse
1,-399,-199,101,-99,-299,101,701,-399,-499,
cat
401,401,1,701,201,501,601,301,401,701,
mouse
-899,-99,-399,-399,-799,-399,101,-499,-999,-499,
cat
601,1001,501,501,601,301,1101,1401,901,401,
mouse
401,-99,-599,-99,-499,-799,-499,-699,-499,601,
cat
701,1001,701,1301,201,101,501,901,601,801,
mouse
501,-99,-899,-999,-199,-699,-599,-99,-299,1,
cat
1301,801,901,901,501,901,701,401,301,201,
mouse
-299,-199,-299,-799,-499,-99,-599,-199,1,101,
cat
201,901,501,801,201,701,201,601,1,801,
mouse
-99,-499,-99,1,-499,-499,-399,1,-1199,101,
cat
1101,501,801,901,701,601,401,401,301,401,
mouse
-599,-399,-399,1,-1299,-999,-399,-99,-799,-499,
cat
401,1101,1401,501,401,501,701,1101,1401,501,
mouse
-699,-199,-699,501,-499,-199,-199,201,-1099,201,
cat
1,401,101,1201,101,1201,601,901,401,301,
mouse
-99,1,-499,-399,-199,1,-499,-299,-199,-299,
cat
401,401,601,401,101,501,1001,501,1,801,
mouse
-499,201,101,101,1,-99,-199,-299,201,201,
cat
301,401,201,301,401,201,301,501,501,101,
mouse
201,-199,-299,101,1,101,-599,1,-899,-499,
cat
601,201,601,701,401,301,1,301,701,401,
mouse
101,301,-399,-299,-599,201,101,101,101,-799,
cat
501,201,701,501,901,101,201,501,101,601,
mouse
-99,1,-299,-99,-499,-599,-199,-399,-499,-199,
cat
301,401,301,601,401,501,401,501,501,501,
mouse
-299,-599,201,-699,-499,-399,-1399,101,-399,-399,
cat
801,601,401,101,601,1001,601,901,1601,201,
mouse
-99,-199,-299,-1099,-599,-999,-899,-499,301,201,
cat
801,701,301,401,601,1001,701,201,401,601,
mouse
-199,-199,-499,-799,-899,-299,-299,501,-399,-399,
cat
601,1801,601,601,501,501,101,201,1001,701,
mouse
-299,-299,-1099,-899,-799,-1199,-799,-499,-799,1,
cat
1301,801,1001,201,401,1901,401,701,1,1201,
mouse
-99,-299,-499,-599,-399,-199,-1899,-199,-199,-299,
cat
801,701,401,801,801,301,1001,201,601,601,
mouse
-399,-199,-499,-399,-299,-99,-199,-699,-299,-399,
cat
501,101,601,1801,701,501,201,101,501,1,
mouse
-99,1,-399,-99,201,-99,-699,1,1,1,
cat
301,501,201,301,101,301,301,301,101,101,
mouse
101,-299,-99,-399,-599,-699,-99,-199,-599,-499,
cat
501,101,201,301,501,801,1301,701,301,501,
mouse
-99,-99,-399,-99,-499,-399,-599,-199,-399,301,
cat
501,801,801,201,901,201,1,301,601,1,
mouse
1,-599,-99,-399,-199,-99,101,-199,-599,1,
cat
901,401,401,401,601,201,501,1,201,301,
mouse
-299,301,1,-799,-299,301,1,201,-499,1,
cat
501,201,1001,301,201,201,201,301,401,301,
mouse
1,-99,-499,-699,-799,-899,-299,1,-499,-299,
cat
501,201,201,101,901,1601,201,101,1301,601,
mouse
-99,101,-799,-199,-399,-599,101,-499,-799,-899,
cat
801,701,701,301,601,201,501,801,401,401,
mouse
1,-199,-399,-499,-199,-399,1,-599,-199,-199,
cat
301,501,201,301,801,1001,1,601,201,501,
mouse
-299,-99,101,-599,1,101,-99,-499,-99,-299,
cat
901,601,1001,401,101,201,501,701,201,101,
mouse
1,201,-499,1,-299,1,101,-199,-399,-299,
cat
1201,1101,501,201,201,501,101,601,101,201,
mouse
101,201,201,-99,-599,-199,201,301,-399,-899,
cat
1201,601,201,201,1101,301,101,1,401,1,
mouse
-99,201,201,201,1,1,501,-99,1,501,
cat
401,201,201,201,301,1,1,101,1,1,
mouse
-99,301,401,101,1,401,1,301,1,201,
cat
1,401,1,1,1,1,101,101,1,1,
mouse
101,201,101,1,401,1,-199,401,301,401,
cat
301,101,1,101,101,1,101,1,101,301,
mouse
1,-99,1,1,301,301,-299,1,1,1,
cat
1,101,1,101,1,1,101,101,1,1,
mouse
101,1,1,201,201,201,201,101,1,201,
cat
1,1,1,201,1,1,1,1,301,201,
mouse
1,501,101,301,1,101,-99,101,301,-99,
cat
101,601,1,1,1,1,1,1,1,1,
mouse
1,1,1,101,101,201,1,-99,101,101,
cat
401,1,101,1,101,1,1,1,301,1,
mouse
401,101,1,1,101,1,-199,101,-99,101,
cat
101,201,1,1,101,1,1,1,101,1,
mouse
1,-99,1,-199,1,101,1,1,1,1,
cat
101,1,1,101,101,1,1,1,301,1,
mouse
1,-399,1,-399,101,-399,-99,201,-199,-99,
cat
201,1,301,301,601,101,201,1301,101,201,
mouse
-199,-199,-799,-199,101,1,-199,-199,-299,-399,
cat
801,1701,201,101,201,101,401,1,1,701,
mouse
-299,-499,-199,-399,1,-99,-299,-699,-99,-399,
cat
701,1201,1,401,101,1,101,401,301,1101,
mouse
-199,1,-299,-299,-99,-99,-399,-299,101,101,
cat
801,1201,1,1,201,101,201,201,301,101,
mouse
101,-699,-299,-199,-499,-299,-499,-299,-499,-499,
cat
2001,101,401,301,1,101,1101,1301,101,201,
mouse
1,101,-199,-99,-99,-199,-99,-399,-499,-499,
cat
1701,1201,201,101,1,301,101,101,1,201,
mouse
-399,-199,-199,-199,-399,-99,201,-299,101,-299,
cat
1801,301,201,201,1,501,601,301,501,201,
mouse
-199,101,1,-99,-199,101,-399,-199,1,-299,
cat
101,201,201,101,201,1,501,1,301,1001,
mouse
-199,1,-199,101,101,-699,1,1,-99,-99,
cat
1101,401,401,101,201,501,101,101,201,401,
mouse
-299,501,-199,-899,-199,-499,-399,-799,-299,-399,
cat
301,601,1201,301,301,501,1,301,1701,801,
mouse
-99,-599,-199,-399,1,-99,-499,-299,-899,-99,
cat
1701,501,101,201,201,601,201,401,401,1,
mouse
-299,1,-199,-499,-699,-199,-199,-199,-799,401,
cat
1201,701,501,501,301,1101,201,601,201,101,
mouse
201,1,-99,-399,-599,-99,-299,1,-99,1,
cat
701,301,101,201,601,501,101,201,501,101,
mouse
-299,1,-299,-299,-199,1,1,-99,-399,-499,
cat
1,701,401,1,801,801,201,301,301,601,
mouse
-499,-399,1,-99,-899,-399,-99,-599,301,-199,
cat
701,601,701,501,201,801,101,401,401,201,
mouse
-499,1,101,-199,-399,1,-299,-199,-99,1,
cat
301,901,201,801,501,301,301,301,201,101,
mouse
101,301,-599,-299,1,-199,1,1,201,-299,
cat
1001,601,401,201,201,101,201,401,501,501,
mouse
-99,-199,-99,-299,-299,101,-599,1,-499,1,
cat
401,401,501,1,401,201,901,801,101,201,
mouse
-99,-299,-199,-99,-99,101,-599,-299,-299,101,
cat
301,901,401,301,201,301,101,201,201,901,
mouse
301,201,-299,-399,-99,-199,-99,401,-99,-399,
cat
1,601,101,401,301,101,401,1201,201,401,
mouse
-99,401,-99,-699,-399,-699,-299,-399,-399,-699,
cat
1301,1001,301,201,601,101,401,801,601,1201,
mouse
1,-299,101,-1299,-499,-899,-99,-199,-99,-299,
cat
1201,901,701,301,1601,201,501,401,601,601,
mouse
-1099,1,-499,-499,-999,-499,-199,1,-199,1,
cat
1201,501,1001,601,1001,1201,201,201,101,601,
mouse
-199,-599,-799,-499,-899,-199,-99,-399,-1099,1,
cat
2001,601,701,401,501,201,901,901,1301,401,
mouse
1,-299,-999,-299,-399,-399,-699,-99,-499,-399,
cat
1301,801,701,601,701,501,201,401,901,201,
mouse
-99,-299,-499,-1099,-199,-799,301,-199,-699,-99,
cat
901,901,1101,501,1001,301,1101,101,301,201,
mouse
-399,-599,401,201,401,101,201,-299,-299,-199,
cat
501,401,201,201,601,701,601,601,301,301,
mouse
101,1,-199,-299,-199,-299,201,-299,1,1,
cat
301,1,201,101,601,301,301,201,301,701,
mouse
-299,401,-99,-99,401,201,101,-199,-299,1001,
cat
701,1,1,101,301,401,301,301,401,1,
mouse
-99,501,-99,1,301,-399,101,-399,-499,-99,
cat
601,201,101,1101,201,501,601,201,1,201,
mouse
1,301,1,201,-299,101,201,801,-99,1,
cat
701,901,301,301,101,101,101,101,101,301,
mouse
101,201,1,901,101,1,-99,-299,501,1,
cat
1,201,301,301,301,201,301,101,201,201,
mouse
301,-399,101,201,601,1,-99,401,701,-99,
cat
301,201,301,201,101,1,201,801,101,1401,
mouse
801,301,-199,1,-499,1,401,-499,-99,1,
cat
1,301,601,1,101,201,101,601,601,201,
mouse
501,201,-499,501,401,401,101,401,201,-299,
cat
201,201,201,601,301,1,301,201,401,401,
mouse
301,201,1,401,301,-99,1101,201,-99,-399,
cat
1,101,1,301,401,601,201,201,601,201,
mouse
101,101,-599,-599,-99,-199,-999,-199,301,401,
cat
601,401,601,401,401,201,201,901,601,401,
mouse
101,-499,-99,-199,101,1101,301,-399,-499,1,
cat
1201,1001,201,1,301,301,201,201,401,101,
mouse
-199,601,101,-99,-299,-199,-299,501,701,-199,
cat
201,101,301,101,1,401,701,1,1601,1,
mouse
1,501,-99,101,-99,201,301,-199,-699,-399,
cat
1401,101,501,201,201,501,201,301,801,401,
mouse
-199,-599,401,-399,-299,-199,-599,1,1,301,
cat
801,501,101,501,401,201,1101,801,401,1,
mouse
201,1,-99,201,-99,-99,101,-99,-99,-299,
cat
201,501,401,201,401,201,401,501,201,1001,
mouse
401,-99,701,301,-299,-599,-599,-599,-199,-599,
cat
601,201,1001,901,501,301,1,701,1001,201,
mouse
-199,1,-399,-499,-99,-199,-599,-399,-499,-299,
cat
501,1201,401,301,301,501,401,601,601,1301,
mouse
-199,-99,701,101,-399,1,-299,1,101,-99,
cat
301,501,301,101,601,301,301,101,101,101,
mouse
201,-699,101,101,101,-99,1,-599,-199,1,
cat
401,901,401,301,201,201,501,1101,101,401,
mouse
1,1,701,101,-99,101,-99,1,-299,1,
cat
201,301,101,101,201,401,1,101,101,1,
mouse
301,101,1,101,101,-599,1,1,301,1,
cat
101,301,201,101,101,101,1,201,101,101,
mouse
101,-199,201,-99,-399,-99,1,-199,-599,-199,
cat
1401,1,401,101,201,201,301,301,1,101,
mouse
-199,1,101,101,1,1,201,-399,201,501,
cat
301,501,301,401,101,301,201,301,101,101,
mouse
-599,201,201,101,101,-99,-199,-199,301,401,
cat
101,301,301,301,201,401,201,801,501,201,
mouse
301,201,-99,101,1,1,101,201,-299,601,
cat
101,101,401,401,401,1,1,1,601,601,
mouse
101,-99,1,201,-599,301,1,1,-99,-199,
cat
501,701,401,301,101,301,201,201,201,101,
mouse
-99,-199,1,-199,1,101,1,-199,201,1,
cat
401,401,101,401,201,1,1,301,201,701,
mouse
501,-199,1,501,1,-499,501,1,-399,-99,
cat
501,301,1401,201,101,301,401,201,301,101,
mouse
401,601,-699,-99,301,-99,-399,101,101,-99,
cat
601,1,201,801,901,401,101,101,201,901,
mouse
-599,201,-99,101,401,101,-99,201,101,1,
cat
701,501,301,401,201,501,701,401,301,901,
mouse
-99,-99,-99,-699,101,-399,-199,-1099,-399,-299,
cat
501,1201,701,401,1201,1001,901,301,401,1001,
mouse
401,201,-199,401,101,201,-99,501,201,-299,
cat
701,301,301,201,801,401,101,501,401,501,
mouse
-199,-399,101,301,201,1,-899,201,1,101,
cat
401,701,1001,401,1201,1001,101,801,301,501,
mouse
101,601,501,-399,701,1,-99,-199,1,301,
cat
401,301,401,301,101,1,501,1001,501,401,
mouse
-399,-299,-399,201,601,-299,1,1,1,-499,
cat
901,1,401,501,601,201,401,301,801,401,
mouse
-699,-899,1,-399,-599,-399,-199,401,-299,-199,
cat
801,701,1201,701,1101,101,401,601,1101,501,
mouse
1001,1,-699,-399,801,401,-99,-299,-699,-399,
cat
1001,901,401,501,201,601,801,101,301,301,
mouse
201,-499,-599,-699,-299,901,1,201,-999,-399,
cat
801,401,501,1101,501,1101,301,701,801,1501,
mouse
301,-399,-399,-299,-399,1,-399,-1099,-799,-499,
cat
1601,1201,301,501,601,101,801,1001,701,1301,
mouse
-299,-499,-99,301,-99,-1099,1,-199,-699,201,
cat
1301,901,1001,901,101,201,601,201,401,501,
mouse
1,301,-899,1,-199,-699,-499,101,-499,-99,
cat
901,1601,301,501,801,201,1,501,201,1301,
mouse
-399,101,-199,-399,101,-99,-599,1101,1,101,
cat
301,1001,301,101,701,301,301,1001,601,301,
mouse
-599,1,-599,-99,-599,501,-699,-199,-299,801,
cat
1001,501,1301,601,301,601,301,601,301,401,
mouse
201,-199,1,-499,-599,-399,-599,-599,-899,-199,
cat
1101,501,501,1001,1201,1201,701,701,501,501,
mouse
1,1,1,-399,-899,-299,-699,-499,301,-699,
cat
601,601,601,401,601,1001,801,801,1201,501,
mouse
401,-199,-499,-899,-299,-799,-299,-599,901,-499,
cat
1901,801,801,701,201,401,401,601,301,601,
mouse
301,1,-299,-699,1,1,-199,101,-899,-199,
cat
1101,401,401,601,1001,201,601,401,801,801,
mouse
-599,-199,-199,-699,-99,-499,-399,201,1,-499,
cat
1001,901,501,401,801,701,1001,501,901,301,
mouse
-599,701,-199,-199,-499,-699,1,-299,-399,-199,
cat
801,701,1101,601,601,701,401,301,701,901,
mouse
-799,-399,-299,-299,1,201,-799,-399,-699,-399,
cat
801,401,301,201,801,601,801,801,1201,501,
mouse
-499,-499,-299,-599,-399,101,101,-199,-399,201,
cat
501,1101,501,701,1001,101,101,201,401,701,
mouse
-799,-199,-1299,-399,-699,-799,-599,-399,-299,-299,
cat
701,1001,701,1401,601,1101,1001,401,901,901,
mouse
-99,-399,1,-199,-499,-499,-599,-499,-499,301,
cat
901,501,1101,701,301,901,401,301,701,701,
mouse
-199,-899,-399,101,-499,-299,-499,-799,-299,-899,
cat
801,1101,901,301,1301,501,401,801,801,1201,
mouse
-899,1001,101,-499,-899,-299,-399,101,-599,101,
cat
201,901,301,1001,701,1201,501,301,901,801,
mouse
-699,1,-299,-1399,-299,-1299,-699,301,-999,-899,
cat
1201,1101,1101,801,801,1301,1101,1301,1201,1101,
mouse
1,901,-399,-499,-99,-399,-399,-499,-499,-899,
cat
1201,1201,101,601,901,601,501,401,301,801,
mouse
1,-499,-299,601,101,-599,-299,-299,-1099,-999,
cat
1901,1001,901,701,901,401,601,901,1101,301,
mouse
-199,-299,-899,-299,-599,-399,-999,-699,-99,-99,
cat
1601,1301,1101,901,501,501,1001,1501,201,1001,
mouse
301,301,1,-399,-299,-199,-299,-899,-199,-1799,
cat
501,901,801,701,401,801,801,601,901,901,
mouse
201,1,-99,-599,-499,-99,-1199,-699,-599,-399,
cat
1301,1101,1001,601,401,901,1501,501,301,301,
mouse
1,-199,-399,-99,501,-299,-399,201,101,-399,
cat
801,901,401,601,401,101,501,101,201,401,
mouse
-199,101,-899,-699,-399,-599,-399,-599,401,1,
cat
1901,401,901,901,401,301,601,701,201,901,
mouse
401,-99,-199,-199,501,101,-199,-499,-99,-299,
cat
301,701,901,401,201,601,501,601,301,301,
mouse
-399,-299,-99,1,-99,-599,601,-199,201,-399,
cat
1401,201,1301,401,501,101,201,1201,501,301,
mouse
-399,301,-899,-199,201,1,-299,-199,-499,-399,
cat
901,301,1201,801,501,101,801,801,801,501,
mouse
1,901,-199,1,-299,901,1,-399,101,-599,
cat
801,401,501,401,301,301,801,901,101,301,
mouse
-299,201,-99,-599,-499,-899,101,-699,-699,-399,
cat
901,501,1,201,701,501,1001,101,1601,1201,
mouse
201,-499,-399,-299,-199,-399,-299,-1299,-899,-699,
cat
1001,1701,601,1401,1501,401,401,601,501,901,
mouse
-299,-499,101,-299,-999,-99,-299,-699,-99,101,
cat
1201,1901,501,601,401,101,101,501,201,701,
mouse
-99,-299,1,-299,-499,1,-299,-799,-99,-199,
cat
601,701,101,1,201,801,401,701,501,901,
mouse
-399,-199,101,-299,-199,-199,-699,-499,-299,-299,
cat
501,201,701,901,701,301,1101,601,401,801,
mouse
-99,-499,-699,-599,-299,-799,-799,-399,-499,-99,
cat
701,501,501,1201,601,601,801,501,1001,1101,
mouse
1,-899,-99,-299,-499,101,-699,-499,-299,-599,
cat
301,501,501,601,701,1201,801,801,1001,1001,
mouse
-299,101,-599,101,1,-799,-599,101,201,301,
cat
401,1201,801,301,401,101,101,1101,201,201,
mouse
-99,-599,-199,-899,-199,-799,-799,-599,101,401,
cat
1001,501,501,401,801,1001,1001,601,601,701,
mouse
-299,1,-499,-199,-399,-899,-99,-399,-99,-299,
cat
401,901,501,601,601,1101,1701,601,601,201,
mouse
-1099,-299,-699,-199,101,-299,-799,-999,-799,-199,
cat
1301,701,801,301,1001,301,401,501,901,601,
mouse
-299,101,-599,-199,-199,-499,301,-299,-299,-99,
cat
201,501,1301,501,601,201,701,201,701,101,
mouse
-399,-199,-299,101,-99,-299,201,-1099,-399,-399,
cat
501,801,301,301,401,501,501,601,801,501,
mouse
-99,-399,-99,1,-199,-799,-299,701,-599,-199,
cat
501,301,901,601,601,201,501,401,1,501,
mouse
-199,-299,-99,-99,-499,-299,-99,-399,-99,-699,
cat
101,401,901,501,601,901,401,601,601,1,
mouse
-299,-99,-799,301,-99,-99,-699,-899,-499,-99,
cat
601,501,801,501,601,301,1401,701,501,101,
mouse
-399,-399,-399,-99,-499,-299,-199,-899,1,101,
cat
1101,501,601,501,901,201,701,601,501,401,
mouse
1,-299,-99,-199,-299,-299,-99,-899,-299,-299,
cat
801,801,601,501,701,601,701,501,701,801,
mouse
201,-299,-899,101,-199,-899,-299,-499,-899,-699,
cat
801,501,601,801,901,701,501,701,1201,1001,
mouse
-499,201,-99,-299,-499,-399,1,-1399,-399,1,
cat
801,401,801,801,501,501,401,1,301,501,
mouse
-499,-99,-599,-899,-499,201,-399,-399,301,-399,
cat
801,201,401,901,401,601,801,501,1101,601,
mouse
-499,-199,-399,-299,301,-1399,-99,-699,-599,-499,
cat
1401,101,901,801,801,1101,601,901,501,501,
mouse
-599,-599,-899,-599,-499,1,-999,-399,-799,1,
cat
801,1601,101,1501,501,501,301,301,301,501,
mouse
1,-399,-299,-199,-899,-399,-199,-999,-499,301,
cat
701,601,501,801,101,601,401,401,801,501,
mouse
-99,-1199,-199,-99,1,1,-499,-199,501,-599,
cat
801,601,501,301,701,1,401,301,801,501,
mouse
-1099,201,-599,-399,-499,-99,1,-799,-399,-399,
cat
501,901,1101,401,201,601,501,501,701,301,
mouse
-999,-199,1,-299,-799,1,-899,-699,-1599,-299,
cat
801,1101,701,801,601,101,1101,701,801,701,
mouse
1,-499,-99,1,-299,1,1,1,-299,-499,
cat
101,101,301,101,401,301,101,301,501,301,
mouse
-299,101,1,-799,201,-99,1,-499,-199,-1199,
cat
1,801,301,301,501,301,501,301,501,201,
mouse
1,1,1,101,-699,201,1,-299,-499,101,
cat
101,101,101,201,101,101,601,201,301,401,
mouse
1,-399,1,-199,-599,201,101,101,1,-99,
cat
301,101,201,1,401,101,201,201,201,101,
mouse
101,1,1,101,-299,201,101,101,1,-199,
cat
201,201,201,101,1,101,101,101,101,101,
mouse
-299,101,-899,1,101,-599,101,301,-499,-99,
cat
201,201,601,301,301,101,401,401,601,101,
mouse
-399,-399,-499,-199,-399,-299,-299,-199,-99,-199,
cat
301,101,301,101,401,101,301,301,1501,301,
mouse
-499,1,-599,-199,-399,-299,-99,-199,-299,-899,
cat
2001,201,1501,1,401,101,1,501,201,201,
mouse
201,-599,-399,-299,-799,-399,-799,-999,-499,-99,
cat
1601,601,601,901,401,101,301,801,1001,701,
mouse
-99,1,-299,-999,101,-699,1,-899,1,-299,
cat
401,601,401,101,701,401,401,401,301,1601,
mouse
-799,-499,-299,-599,-899,-199,201,-599,-899,-399,
cat
1201,401,501,401,301,601,1901,801,501,201,
mouse
1,-499,-899,-999,101,-399,-399,-999,-299,-499,
cat
1801,801,601,301,601,701,501,501,201,801,
mouse
-599,1,-99,-899,-399,-99,-499,-299,-199,-199,
cat
301,101,401,1501,401,101,101,101,1101,101,
mouse
-99,-1299,-199,-199,-599,-499,-399,-199,-499,-199,
cat
2001,1101,301,401,101,301,401,101,201,101,
mouse
-199,-299,-299,101,-199,-99,-599,101,-99,101,
cat
801,301,101,301,201,301,301,201,501,101,
mouse
-99,1,-399,-99,1,-99,101,-799,-299,1,
cat
401,101,301,101,301,101,101,201,301,101,
mouse
-1299,-99,-399,-1199,-99,-299,-699,101,101,-199,
cat
501,101,701,601,601,501,501,1401,601,601,
mouse
101,-399,-699,-499,-199,201,-599,-299,-99,1,
cat
701,501,101,201,201,401,101,501,501,301,
mouse
-499,-999,-99,-299,-99,-799,301,-899,-99,-299,
cat
901,401,301,601,501,401,501,801,301,501,
mouse
101,101,-699,-399,-99,-99,1,-699,1,-299,
cat
301,601,501,1,201,601,401,301,301,201,
mouse
-599,-299,-99,1,-199,1,-99,101,-299,-699,
cat
1,201,801,201,301,401,401,1,1001,401,
mouse
-199,-999,-699,-999,-199,-99,-1099,-599,-299,-699,
cat
1701,201,501,701,101,1201,1401,1001,101,401,
mouse
1,-399,-599,-299,101,-1199,-99,-699,1,-599,
cat
901,201,501,701,201,201,401,401,201,601,
mouse
-99,-399,101,-299,1,-99,-199,-399,201,-399,
cat
101,301,201,501,201,401,201,101,301,201,
mouse
1,-499,1,1,101,-199,-399,1,101,-399,
cat
1,201,401,301,201,101,101,1,201,201,
mouse
-199,-699,-199,-99,-499,-399,-599,1,-399,-199,
cat
201,601,101,301,501,301,501,1201,301,101,
mouse
1,1,-1199,301,-299,-299,101,-399,101,1,
cat
1101,1,201,101,301,601,101,101,101,1,
mouse
201,-99,-499,-299,-99,-299,101,-399,-199,1,
cat
501,601,401,401,101,701,201,301,201,301,
mouse
-799,-599,201,-199,1,1,-99,-99,-399,-199,
cat
201,201,101,1201,1,301,201,201,401,201,
mouse
-99,-999,-399,-499,-399,101,-499,1,-399,201,
cat
801,301,301,601,601,1301,501,501,601,501,
mouse
101,-699,-399,-399,-299,-499,-99,-99,-299,1,
cat
701,101,401,301,401,301,301,401,201,101,
mouse
-599,-499,-599,-499,101,-199,-599,-99,-299,1,
cat
501,501,901,401,201,201,101,901,401,501,
mouse
1,-199,1,-599,-99,-299,-399,-199,1,-99,
cat
701,101,301,101,301,201,301,201,101,301,
mouse
-499,1,1,-699,-799,-399,-299,-599,-599,-499,
cat
401,501,401,301,101,601,501,1901,201,501,
mouse
-99,-599,-799,-499,-499,-199,-99,-899,1,-499,
cat
801,401,501,701,401,601,1001,101,201,401,
mouse
-699,-299,201,1,1,-699,-199,-299,-199,-199,
cat
601,701,401,101,501,601,1,101,201,301,
mouse
-299,1,-299,-299,-1399,-99,-299,-299,101,-399,
cat
501,501,401,501,1001,101,501,701,201,601,
mouse
1,-199,-299,-99,-199,-399,1,-99,-599,201,
cat
301,1,101,601,301,101,201,101,401,801,
mouse
201,101,-99,-99,-299,201,-299,-199,101,-299,
cat
201,301,101,401,101,301,501,101,101,201,
mouse
-199,-99,101,-99,101,201,101,1,101,-499,
cat
101,201,1,401,201,101,301,201,1,101,
mouse
501,-99,-199,1,1,101,101,401,201,-99,
cat
101,101,201,301,301,201,101,1,401,101,
mouse
1,101,1,201,201,-599,1,-199,101,1,
cat
201,101,401,601,1,401,1,201,201,101,
mouse
-199,201,-99,-99,201,201,-99,-99,-99,1,
cat
101,201,101,1,1,101,1,501,501,101,
mouse
101,-99,101,101,1,101,-199,-99,201,101,
cat
101,101,1,101,101,1,101,1,1,201,
mouse
-399,1,101,101,-99,1,501,-99,-99,-599,
cat
201,101,1,101,101,201,101,201,601,101,
mouse
201,301,-99,-99,101,301,101,-499,-199,1,
cat
301,101,1,201,1,201,101,101,201,101,
mouse
-199,101,101,101,-499,1,1,101,201,-299,
cat
1,201,101,301,101,201,301,101,101,301,
mouse
-199,-99,1,1,1,-99,-699,-199,1,101,
cat
101,1,401,201,601,101,401,101,201,301,
mouse
201,1,201,-199,-499,101,1,-99,101,1,
cat
401,301,201,101,1,201,201,201,201,101,
mouse
1,101,-399,1,-199,-199,1,-699,1,-399,
cat
301,101,101,301,1,1,1,601,401,1001,
mouse
101,-199,-199,-99,1,-399,1,1,-99,-199,
cat
301,401,301,401,201,301,1,1001,1,101,
mouse
101,-299,-99,101,101,-299,-99,1,201,-199,
cat
201,401,101,101,1,201,101,1,401,601,
mouse
101,-99,201,1,201,-199,-299,1,101,-199,
cat
101,101,301,201,201,401,101,1,301,1,
mouse
201,101,-99,-99,401,1,-199,201,201,101,
cat
301,101,101,201,101,401,201,1,1,1,
mouse
601,101,101,101,1,-499,101,-199,1,-199,
cat
101,301,101,701,101,201,401,101,601,201,
mouse
401,-199,-599,401,101,-299,-99,-299,-299,201,
cat
401,101,501,401,301,301,301,201,301,301,
mouse
-299,-599,1,201,1,-399,-599,401,401,1,
cat
1101,1,201,201,401,701,201,501,101,701,
mouse
401,-599,501,-299,801,-199,101,-199,101,401,
cat
201,201,501,501,201,501,201,201,301,1,
mouse
1,301,1,101,-199,101,101,-399,101,101,
cat
201,201,101,201,601,201,1,101,101,1,
mouse
-99,101,-399,1101,-199,201,101,301,-199,-399,
cat
901,701,101,1,101,101,201,501,301,201,
mouse
501,401,101,201,201,101,1,901,501,401,
cat
401,1,1,1,101,101,301,101,101,1,
mouse
601,701,101,401,101,401,201,101,401,101,
cat
101,201,1,1,1,201,1,101,101,101,
mouse
301,601,301,301,-199,101,101,1001,701,101,
cat
1,301,1,101,301,101,201,1,201,201,
mouse
901,801,401,201,1,301,1101,201,101,201,
cat
1,101,201,1,201,1,101,101,201,101,
mouse
601,1301,-99,201,101,101,1,301,101,301,
cat
101,101,1,1,101,1,101,101,101,101,
mouse
1001,1,101,-199,201,901,-99,101,-99,701,
cat
101,1,401,201,201,401,301,201,101,801,
mouse
601,401,-99,101,101,301,301,1,101,301,
cat
101,1,1,1,1,301,1,901,101,301,
mouse
1,301,101,101,-399,701,201,-199,1,101,
cat
1201,201,201,101,301,1,101,301,1,101,
mouse
201,101,201,201,101,-99,101,801,1,201,
cat
1,1,101,301,101,1,301,1,101,401,
mouse
1,201,-199,-99,1,201,201,701,-99,201,
cat
301,1,1,101,601,1,301,201,1,101,
mouse
601,1,-99,501,301,201,-399,-99,-199,101,
cat
201,401,1,301,201,901,301,401,401,601,
mouse
-499,-199,1,1,-599,-299,-99,-99,1,-499,
cat
501,801,301,501,201,301,101,1101,601,201,
mouse
-99,-99,-99,-399,-899,1,401,-399,101,-599,
cat
201,101,901,801,501,201,301,501,401,501,
mouse
-99,101,1,1,-199,-599,1,-399,-699,-399,
cat
701,201,201,201,301,801,1,301,501,801,
mouse
-599,-499,-899,-799,-399,-499,-799,-599,1,-199,
cat
1601,801,701,601,401,1301,501,301,701,601,
mouse
-99,-1399,-699,-799,-399,101,-199,-899,-99,-199,
cat
1101,801,901,601,601,701,601,501,401,1101,
mouse
-499,-99,-99,1,-599,-299,-1199,-599,401,-199,
cat
601,701,501,901,901,501,501,301,301,301,
mouse
-99,1,-1399,1,1,-99,-699,-899,-499,-299,
cat
1201,301,301,401,401,901,701,401,1101,201,
mouse
301,-199,-299,1,-299,-399,-199,601,-499,-399,
cat
801,701,101,401,301,501,501,301,501,301,
mouse
-199,-399,-299,-299,-499,-99,-299,101,1,1,
cat
301,501,501,901,901,701,101,501,501,201,
mouse
101,1,-499,401,-699,-399,-599,201,-99,-699,
cat
701,601,201,201,401,401,1401,101,201,301,
mouse
101,701,-299,-399,-1199,401,-799,-1199,-99,1,
cat
201,801,401,601,301,501,201,501,301,1001,
mouse
201,-99,-599,701,201,-1099,-899,-199,1,-399,
cat
501,801,301,401,701,301,101,301,701,501,
mouse
501,101,601,-599,-399,101,-99,-499,301,401,
cat
701,501,1,501,101,201,601,201,301,301,
mouse
201,1,-199,501,-99,-699,-599,-199,401,1,
cat
201,701,801,301,1,501,301,501,201,1,
mouse
201,-299,201,-99,201,-599,-99,-99,501,-99,
cat
501,401,301,101,101,101,101,201,301,401,
mouse
1,1,301,-99,101,401,201,101,201,101,
cat
101,301,101,301,201,201,101,101,1,1,
mouse
101,-199,301,-199,101,1,101,-199,1,1,
cat
201,1,201,301,1,701,1,301,201,101,
mouse
-199,301,-99,101,101,1,101,-399,1,-199,
cat
101,1,101,901,101,101,201,201,401,101,
mouse
201,-99,1,201,201,201,-99,-199,-399,-99,
cat
101,201,401,301,501,1,201,201,201,1,
mouse
301,101,-99,-199,-99,101,-299,-799,101,-199,
cat
501,701,301,1,301,501,601,101,301,201,
mouse
1,1,301,-399,1,-199,-399,-299,1,101,
cat
1001,101,301,101,301,101,101,501,101,301,
mouse
-99,-99,1,101,201,301,1,1,401,1,
cat
201,101,501,201,1,101,201,101,201,401,
mouse
1,301,1,201,-99,201,101,1,101,201,
cat
401,101,101,301,1,301,101,1,101,1,
mouse
1,101,101,401,1,301,101,101,301,201,
cat
1,1,101,101,201,1,201,1,1,101,
mouse
-99,101,501,601,-299,201,-199,101,301,-99,
cat
201,201,301,101,501,101,401,101,301,201,
mouse
101,1,-299,-299,101,101,-299,1,-399,1,
cat
401,401,1,701,1,801,301,1,101,201,
mouse
1,501,101,1,1,201,1,101,1,101,
cat
1,101,1,101,1,101,1,1,1,1,
mouse
101,101,1,-199,401,1,101,-199,101,1,
cat
601,101,201,101,1,1,101,1,401,1,
mouse
1,1,1,-299,-199,1,101,201,-99,-299,
cat
901,1,201,201,1,301,201,1,201,901,
mouse
-99,101,1,1,101,101,101,101,201,201,
cat
501,101,1,1,1,101,1,1,201,101,
mouse
101,301,201,-99,1,1,101,201,101,201,
cat
301,201,1,201,101,201,101,1,201,101,
mouse
-199,501,101,201,-99,-299,201,-399,-99,301,
cat
301,1,101,401,601,201,201,1,1,401,
mouse
601,-299,101,201,301,201,101,601,101,601,
cat
101,301,1,101,601,101,1,401,301,1,
mouse
301,-99,301,201,-299,-299,201,-99,-399,201,
cat
1,401,201,201,401,1001,101,501,301,301,
mouse
301,-299,-99,1,1,-499,1,-299,-499,101,
cat
501,401,301,201,401,1001,101,501,101,501,
mouse
-199,-699,901,101,-299,101,-99,301,1,-99,
cat
601,501,801,801,201,1,301,301,201,101,
mouse
301,-799,-199,401,-499,-99,-399,-499,-199,-99,
cat
301,401,1201,701,1001,101,101,901,201,301,
mouse
301,-399,301,1,-99,1,-499,-299,1,-299,
cat
201,201,601,401,701,701,301,901,101,901,
mouse
101,-299,101,-99,201,1,101,-499,1,-299,
cat
101,201,301,401,101,501,301,101,601,1,
mouse
-199,-799,401,1,301,201,1,-199,-399,-99,
cat
401,1,501,301,601,501,701,201,501,401,
mouse
201,-99,-299,-99,201,201,201,-199,-699,1,
cat
301,201,301,301,101,1,201,701,101,1,
mouse
-299,201,101,1,-99,1,1,-99,101,1,
cat
201,201,1,1,201,101,301,201,101,1,
mouse
-99,301,-99,-199,-99,-99,1,1,-199,1,
cat
1,101,201,401,401,701,901,501,301,201,
mouse
-199,-99,-299,-299,101,-199,101,-499,1,201,
cat
301,1301,901,1,601,101,301,201,1,201,
mouse
-499,-299,-399,-299,-399,101,-99,-499,-199,-799,
cat
1101,1701,501,701,701,201,301,101,701,101,
mouse
-299,-299,1,-899,-99,-499,101,-399,-499,-299,
cat
1201,401,201,101,901,101,401,401,1301,101,
mouse
-99,201,-499,-699,1,1,201,-199,-399,-199,
cat
501,301,101,301,101,301,401,201,801,501,
mouse
301,201,1,-599,-599,-599,-599,-199,101,-99,
cat
201,901,1,801,401,501,401,401,401,601,
mouse
-99,301,1,-199,101,-99,-199,-199,-199,-199,
cat
301,301,201,201,201,501,201,101,201,501,
mouse
201,101,-399,101,-99,-899,101,-199,201,-199,
cat
401,501,101,401,301,301,501,1,601,201,
mouse
-299,-99,501,201,-99,-299,-499,-199,201,-599,
cat
401,501,401,1,801,101,1,801,401,1,
mouse
601,501,201,101,-499,101,-299,301,-299,-99,
cat
1,201,201,301,301,301,901,1,801,601,
mouse
301,-599,1,-299,-399,-899,-399,1,-99,-499,
cat
1301,901,201,501,101,1401,901,101,101,101,
mouse
-299,-799,-199,-799,-799,1,-599,-699,-599,-499,
cat
1701,1001,901,401,401,201,1001,1301,501,1001,
mouse
1,-199,-399,-599,-299,-499,-599,-399,1,-599,
cat
701,101,401,301,1401,201,901,501,401,1201,
mouse
-199,-199,101,101,-399,-599,-199,-99,-499,-99,
cat
1801,201,101,501,201,701,101,501,201,201,
mouse
-999,-399,-699,-299,-799,-1099,-99,-199,-99,-199,
cat
1201,1901,401,101,1401,301,201,501,601,501,
mouse
-999,-299,-799,101,-999,-999,-799,-599,-799,-899,
cat
2101,901,1001,501,1001,1101,101,1101,1801,1001,
mouse
201,-599,-499,101,-899,-399,-499,1,-199,-599,
cat
1401,501,601,501,501,601,201,401,801,801,
mouse
-699,1,-599,-399,-1299,-199,-599,-299,-399,-399,
cat
801,401,1501,901,401,1201,601,301,1001,701,
mouse
-499,-899,-899,-699,-799,-799,-399,-599,-499,-199,
cat
1401,701,601,601,1901,501,1101,901,701,901,
mouse
1,101,-499,201,-599,-199,-799,-599,-1399,-599,
cat
1301,601,1101,301,301,1301,1101,401,1101,701,
mouse
-799,-899,-599,-899,-599,-899,-199,-899,-899,-1099,
cat
1201,1501,2501,201,501,1001,501,1201,801,601,
mouse
-299,-299,-199,-499,-899,-499,-299,-299,1,-99,
cat
801,2201,101,1001,401,701,401,1001,201,401,
mouse
101,-599,-299,-99,-299,-399,-1599,-999,-499,1,
cat
1501,1601,801,801,201,1101,101,1001,1101,501,
mouse
-399,-799,-99,-499,-899,-399,-799,-799,-499,-899,
cat
901,1101,401,801,301,1001,301,1001,701,2101,
mouse
601,-899,-699,301,-699,-299,-299,-499,-699,-999,
cat
1701,1201,1001,201,1801,1001,101,801,401,1101,
mouse
301,101,-99,-499,-499,-99,-799,1,-99,-99,
cat
701,701,901,601,601,301,401,301,701,301,
mouse
-799,-699,-799,-299,-299,-199,301,-599,301,-299,
cat
501,1101,1001,301,301,1001,801,1501,501,1,
mouse
-599,-299,1,-99,-199,-99,-199,-499,301,-199,
cat
601,1001,601,401,501,301,901,701,301,301,
mouse
-199,-299,-299,-399,-99,-99,101,-299,-499,-399,
cat
501,601,301,401,1101,1101,1001,701,501,601,
mouse
501,-399,-299,1,-299,201,701,-599,-499,-99,
cat
301,1001,701,301,1101,701,101,401,401,101,
mouse
-99,401,1,101,-499,601,-99,401,-599,1,
cat
301,1,901,401,101,601,201,201,1001,601,
mouse
-199,1,-99,-399,-699,-599,1,-499,101,201,
cat
801,701,901,201,301,801,401,901,801,301,
mouse
-99,801,1,-299,1,101,1,101,-399,-299,
cat
701,401,501,301,601,201,501,301,101,801,
mouse
401,-399,201,-599,1,-99,-99,-199,1,201,
cat
401,601,401,401,101,601,301,401,401,401,
mouse
1,1,401,-399,501,301,-399,-99,-299,-99,
cat
701,201,101,201,901,701,601,101,101,401,
mouse
-99,801,-99,601,401,-99,201,-99,301,501,
cat
301,201,301,201,301,1,501,301,201,901,
mouse
-399,-99,401,101,-699,-599,101,-199,-199,-699,
cat
1101,301,1701,601,901,501,701,101,301,301,
mouse
101,201,-599,-399,801,-499,301,101,501,501,
cat
801,201,201,401,1101,501,1,301,301,301,
mouse
701,301,301,301,1,501,101,101,701,1,
cat
201,501,401,901,401,201,201,1,1,201,
mouse
-99,301,101,601,301,201,1,-199,-199,201,
cat
501,1,201,1201,501,701,301,201,101,301,
mouse
201,101,701,-199,1,1,-199,-199,1,101,
cat
501,601,201,401,1,301,101,1001,101,401,
mouse
201,301,101,1,-399,1,101,101,-99,-99,
cat
201,101,501,101,1,1,1,201,1,201,
mouse
601,-99,101,1,1,101,1,201,-99,-99,
cat
301,101,1,1,1,1,101,1,101,1,
mouse
1,1,101,1,1,1,101,1,1,1,
cat
1,1,1,1,101,1,1,1,1,1,
mouse
101,201,1,1,1,1,1,-99,1,1,
cat
101,1,1,1,1,101,1,1,101,1,
mouse
1,-99,1,-199,-99,101,201,201,1,101,
cat
101,101,101,1,1,1,1,101,1,101,
mouse
201,-199,1,301,1,1,201,-99,101,1,
cat
201,101,1,201,1,1,101,1,1,1,
mouse
-99,101,-99,-99,-99,101,-199,1,-99,1,
cat
201,101,1,201,101,1,101,301,201,101,
mouse
101,1,101,-699,-299,1,-99,1,-299,1,
cat
201,201,401,1,101,1,201,601,1,201,
mouse
201,-299,-299,1,1,101,-99,301,1,-299,
cat
1,301,401,1,1,1,201,201,1,801,
mouse
-99,-299,-499,301,1,-99,101,-499,201,101,
cat
401,401,1,1,301,301,101,401,401,1,
mouse
1,-99,1,1,101,101,-199,1,201,1,
cat
401,1,1,1,1,101,201,201,401,1,
mouse
-299,101,1,1,101,101,401,101,201,201,
cat
201,1,201,101,101,101,101,101,201,101,
mouse
-99,-99,-99,-299,201,-199,201,201,-99,1,
cat
301,301,401,301,101,101,1,201,1,201,
mouse
-499,201,301,201,301,101,-699,201,1,-99,
cat
301,1,201,301,301,1,1,201,501,701,
mouse
1,101,301,1,201,-99,201,101,-299,101,
cat
1,101,1,101,301,401,1,101,1,1,
mouse
1,-99,-399,-199,-299,-299,501,401,-299,101,
cat
301,301,1,101,1,301,701,401,101,101,
mouse
301,301,1,701,-99,-99,1,1,101,-299,
cat
301,1,201,201,1,101,101,1,301,201,
mouse
1201,101,-399,-199,201,-499,-99,-399,201,-199,
cat
501,301,301,701,301,501,201,101,101,301,
mouse
-99,401,101,201,301,301,1,301,201,1,
cat
301,1,501,1,1,1,101,1,101,1,
mouse
501,301,101,201,301,501,1,-99,1,301,
cat
101,101,101,101,1,1,1,101,1,101,
mouse
1,101,101,401,401,-99,201,-199,901,301,
cat
201,1,1,101,1,301,101,301,1,101,
mouse
-99,1,101,1,1,201,1,1,401,1,
cat
1,1,101,1,1,1,1,301,1,101,
mouse
1,301,1,201,401,1,201,401,1,1,
cat
1,101,1,1,1,101,1,101,101,101,
mouse
1,201,1,101,-99,-99,1,-99,401,-199,
cat
101,101,101,1,101,1,301,201,101,101,
mouse
1,101,101,101,101,-99,401,201,-399,101,
cat
201,1,201,101,1,101,201,201,101,101,
mouse
101,501,301,101,-199,1,-299,201,101,1,
cat
301,201,101,101,1,1,1,1,201,101,
mouse
1,-199,-699,101,-99,1,-199,601,-199,1,
cat
301,301,601,101,201,301,301,201,301,501,
mouse
-199,-199,-299,-299,201,101,-99,201,201,1,
cat
201,801,201,101,201,101,401,801,201,101,
mouse
-299,301,-99,301,-99,1,701,-299,1,101,
cat
101,301,101,401,101,501,101,201,201,401,
mouse
301,101,-299,701,101,-299,1,201,301,501,
cat
301,601,601,101,101,201,501,101,1,101,
mouse
-499,-299,101,-299,-99,-299,-99,-199,-499,1,
cat
501,501,101,401,201,1,301,801,401,701,
mouse
-99,-99,-299,-99,-299,-299,-299,-99,201,-99,
cat
201,101,401,101,601,101,1,301,301,401,
mouse
301,-99,-199,1,101,1,-599,1,-199,101,
cat
401,401,301,201,201,501,201,1,1,401,
mouse
1,1,-299,1,-99,1,-299,-99,101,-199,
cat
1,501,401,1,101,301,101,101,301,601,
mouse
201,201,101,101,101,1,1,1,201,201,
cat
101,201,1,1,501,401,101,1,1,301,
mouse
-199,201,1,1,101,1,-199,201,1,1,
cat
1,201,201,101,1,301,101,201,101,101,
mouse
201,-199,-299,-199,101,101,201,-99,101,101,
cat
401,401,201,401,501,1,1,201,1,1,
mouse
-99,201,-99,-99,101,-199,201,1,1,-199,
cat
401,101,201,201,101,201,101,201,501,201,
mouse
-399,1,-99,-99,1,101,1,-499,-99,-99,
cat
601,301,201,301,201,101,101,201,301,301,
mouse
1,-199,-399,-199,101,-99,201,201,-99,-199,
cat
301,201,1,701,101,101,201,601,201,201,
mouse
-299,101,-599,101,1,1,101,-499,1,101,
cat
201,201,201,1,201,1,201,301,401,201,
mouse
-199,-99,-299,1,101,-199,-199,1,-199,1,
cat
501,201,1,501,501,401,201,301,101,101,
mouse
1,1,201,-299,301,-799,-399,101,101,-399,
cat
501,701,201,401,401,401,1,301,301,301,
mouse
-199,-199,-99,-399,1,201,-199,-399,-599,-299,
cat
801,1401,201,401,101,1,501,1,401,1001,
mouse
-699,-799,101,-999,201,-99,-499,-299,-399,-299,
cat
601,1001,301,201,1001,101,1001,701,401,1001,
mouse
201,-299,-199,-699,-199,101,301,-599,1,-399,
cat
701,101,1,201,401,301,201,601,101,401,
mouse
-199,501,101,1,-199,201,101,1,-199,-399,
cat
501,101,1,401,1,101,201,101,401,401,
mouse
-99,-199,-199,-499,1,-99,-99,-299,-199,-499,
cat
201,601,201,401,401,601,301,301,901,301,
mouse
201,-599,1,-699,-799,-99,-99,401,-299,-599,
cat
301,601,501,501,1001,301,101,1101,201,501,
mouse
201,101,1,-99,-599,1,-299,-499,-299,-599,
cat
1201,301,301,301,501,101,501,301,401,501,
mouse
-99,101,-1099,-99,-499,-199,-399,-99,1,-399,
cat
401,101,801,401,201,301,701,901,101,501,
mouse
-399,-199,1,1,-99,-799,-199,-299,-199,-799,
cat
501,301,201,301,301,701,401,301,401,601,
mouse
-299,-99,-399,101,-499,101,-899,-499,1,-699,
cat
1,801,301,401,501,201,301,101,701,1101,
mouse
101,-99,-899,501,-999,-399,301,-899,-99,-499,
cat
1501,501,1,301,1,901,601,1101,601,401,
mouse
1,-199,-1399,-799,-99,1,-99,-99,-399,-299,
cat
701,1001,801,201,801,101,501,401,601,301,
mouse
-299,1,1,-799,101,201,-199,-399,-1099,-599,
cat
901,301,701,601,801,201,301,1,301,401,
mouse
-199,-199,-299,-499,-199,-99,301,401,-299,-399,
cat
301,801,101,501,201,301,401,801,101,201,
mouse
-399,-399,-399,-99,-599,-499,-299,-599,-99,-99,
cat
201,301,101,1101,501,1101,301,201,201,1401,
mouse
1,-299,301,-199,-299,-599,-399,-699,-299,201,
cat
1401,301,401,301,201,701,201,501,201,201,
mouse
-699,-399,-99,-99,-299,-899,-499,-1099,-299,-199,
cat
1001,801,601,501,201,201,201,801,1001,301,
mouse
-599,1,-199,-299,-199,-399,-199,1,-499,-99,
cat
801,701,901,201,101,1,501,1,1,901,
mouse
-299,201,-299,1,-199,101,-799,-399,101,-99,
cat
501,101,501,801,101,401,401,301,601,101,
mouse
-499,-1199,-99,-99,-199,-99,-199,-99,-99,-399,
cat
701,701,401,301,301,1,401,601,101,301,
mouse
-299,-399,1,-399,-399,-399,-299,-299,-399,-399,
cat
301,801,301,401,201,1301,701,401,1,201,
mouse
-299,-499,-299,-499,-799,-499,-499,-399,-399,-899,
cat
801,1101,301,601,101,1,601,1001,401,901,
mouse
-499,-599,-499,-99,-399,-699,-699,-399,-799,1,
cat
801,801,501,401,301,401,601,1101,501,201,
mouse
-299,-799,-299,-599,-299,-599,-99,-99,-299,-399,
cat
801,901,201,701,401,601,401,101,801,101,
mouse
-299,-499,-699,-699,-899,-599,-99,-299,-299,-399,
cat
901,401,501,201,1001,701,601,601,801,301,
mouse
-299,-399,-299,-999,-299,-199,-399,-499,-599,-299,
cat
1001,601,601,201,801,601,201,501,401,301,
mouse
-399,-399,-299,-999,-999,-399,-99,-1299,-599,-299,
cat
901,1101,401,401,401,801,501,1101,1001,501,
mouse
-99,-799,-399,-899,-99,-799,-1499,-399,-799,-599,
cat
1301,1401,901,401,601,301,401,401,1101,701,
mouse
-299,-399,-699,1,-199,-899,-299,-299,-1299,-99,
cat
1401,701,401,1201,201,501,501,1001,201,201,
mouse
-399,-299,-199,-1599,-1099,-599,-799,-599,-499,-499,
cat
2001,601,601,501,501,201,801,501,1101,601,
mouse
-199,-199,-99,-299,-399,-399,-299,-99,-1299,-299,
cat
701,901,1201,301,501,601,201,501,601,401,
mouse
1,-499,-399,301,-399,-99,-899,-99,-399,-799,
cat
1201,501,401,401,301,401,801,401,701,701,
mouse
-499,201,-499,-899,1,1,-399,-299,-199,-599,
cat
101,401,401,401,401,1001,301,1701,1,301,
mouse
-399,101,-99,-799,-299,-199,-499,-199,-199,-299,
cat
301,1001,101,201,901,501,401,501,501,601,
mouse
301,501,-199,-399,-199,-599,-399,-399,-399,-399,
cat
1201,601,301,101,201,1,501,601,601,101,
mouse
201,101,-599,-299,-99,-299,1,-299,-99,301,
cat
601,301,201,1,201,401,401,401,101,401,
mouse
101,1,-499,1,-299,-99,-399,-599,-599,-599,
cat
901,401,701,1,201,801,501,401,801,101,
mouse
-399,-399,-499,-699,-299,-399,-199,-299,-399,-599,
cat
701,601,1001,501,901,601,801,301,301,401,
mouse
-299,-499,101,-99,601,-299,-499,301,1,-199,
cat
601,601,601,501,401,201,201,101,601,701,
mouse
801,1,-199,-99,1,-99,-499,1,-199,-199,
cat
401,101,201,201,101,1,101,301,401,601,
mouse
1,-399,-199,101,-799,-499,-399,-299,-199,-299,
cat
701,301,101,101,201,201,301,1701,101,201,
mouse
1,-99,-799,-99,-499,-299,-599,1,-399,-299,
cat
1101,1101,1,301,201,501,401,501,301,301,
mouse
-199,101,101,1,-99,1,-299,1,-599,-499,
cat
401,201,401,201,401,301,201,401,1,301,
mouse
-99,-199,-199,-799,-499,-399,-599,-699,-99,-199,
cat
901,401,301,301,701,301,301,101,1101,401,
mouse
1,1,1,101,-499,-399,-199,-99,-699,101,
cat
201,1101,101,101,1,201,101,201,1201,101,
mouse
1,1,-99,-499,401,-499,501,-99,1,1,
cat
1,1001,401,201,501,1,301,601,1,101,
mouse
201,201,-299,201,-299,-199,1,201,701,401,
cat
201,601,101,1,101,101,701,1,101,201,
mouse
-99,101,-299,-399,-99,-199,-199,1,101,101,
cat
401,101,501,201,101,101,201,101,201,1,
mouse
-99,401,-99,1,101,-199,1,-499,-799,1,
cat
301,201,701,201,201,201,501,1,601,301,
mouse
201,201,101,-1099,-199,101,1201,-199,101,201,
cat
101,201,401,301,1,101,401,301,401,701,
mouse
801,1,-499,1,101,1,1,-99,-299,101,
cat
101,701,1,201,601,1,301,101,201,201,
mouse
201,1,1,-299,-199,-399,-1099,1,1,-499,
cat
501,501,201,201,201,201,401,301,101,1001,
mouse
-299,101,101,1,-399,-199,1,501,-99,-299,
cat
901,101,101,101,1,401,1,1,301,701,
mouse
301,-99,101,301,101,1,-99,-99,-299,1,
cat
501,201,201,501,1,1,101,101,1,101,
mouse
-99,101,-299,301,1,101,-99,-99,101,101,
cat
1,101,101,301,1,1,1,301,101,101,
mouse
401,-99,-199,1,-99,301,201,1,1,1,
cat
401,101,1,1,101,101,301,201,1,1,
mouse
101,-99,101,1,-199,1,-199,-99,-99,401,
cat
101,101,1,101,301,101,1,201,201,201,
mouse
101,-99,-199,401,1,201,101,-99,1,301,
cat
1,301,1,1,101,101,1,201,1,201,
mouse
401,1,1,101,-99,-99,1,1,1,101,
cat
101,201,301,1,1,601,1,101,301,201,
mouse
-199,201,-99,201,101,-99,1,-99,-199,1,
cat
1,201,1,201,301,1,101,201,101,101,
mouse
1,1,1,101,101,101,201,-199,201,1,
cat
101,101,101,101,1,1,101,101,1,1,
mouse
301,1,-99,101,101,-299,1,-299,-499,-99,
cat
301,201,401,501,101,101,1,101,101,201,
mouse
-299,101,-699,-199,1,-199,-99,-299,-99,-99,
cat
301,1,301,401,101,101,1,1301,201,301,
mouse
-799,-399,-499,1,-99,-199,-499,-99,-399,1,
cat
1201,201,501,401,101,201,401,1,401,701,
mouse
-499,-299,-299,201,1,1,-99,101,101,-99,
cat
201,301,301,301,101,201,201,101,201,101,
mouse
-199,101,1,1,-399,401,1,-99,-299,101,
cat
501,201,101,101,501,301,201,1,401,201,
mouse
-99,1,-99,201,101,1,101,-499,-199,-299,
cat
701,201,101,101,201,101,1,301,101,1201,
mouse
-199,-699,-699,-99,-199,-799,-899,-199,-199,-399,
cat
1601,601,901,101,201,501,1301,501,301,301,
mouse
1,-399,-199,-99,-99,201,-799,-299,-99,-299,
cat
901,701,201,101,501,301,201,401,301,401,
mouse
-299,1,-199,401,101,201,-599,1,-499,-199,
cat
401,301,101,201,301,1,101,101,301,1201,
mouse
-99,-299,101,1,-399,1,-199,-499,-99,101,
cat
1201,401,1,301,1,501,1,301,601,401,
mouse
-399,-199,-299,-99,-499,201,-99,-99,-99,-199,
cat
401,301,301,701,601,1001,301,601,201,501,
mouse
-399,-299,-1299,-499,-199,-699,101,-199,-599,1,
cat
1301,801,301,901,801,201,601,401,601,601,
mouse
-99,1,301,-199,1,-699,-99,-199,1,201,
cat
1101,101,201,301,401,601,301,601,1,301,
mouse
101,-99,-499,-199,-499,401,-199,-299,-499,-699,
cat
201,1101,301,301,501,401,501,801,1001,601,
mouse
-99,-299,-299,-599,-99,-699,-199,101,-499,-699,
cat
1501,1001,1,201,401,601,901,401,301,1401,
mouse
101,101,-499,-1099,101,-99,-199,-199,-899,-499,
cat
1101,701,901,1101,601,401,201,801,701,101,
mouse
301,-99,-799,-999,1,-199,-299,-299,-699,-699,
cat
1301,901,801,901,1301,301,1401,501,701,201,
mouse
-499,-299,-399,-99,-399,-1099,-499,-299,-99,-599,
cat
801,1401,801,301,801,601,801,401,601,1001,
mouse
-799,-199,-1699,-299,-599,-899,-499,-299,-299,-199,
cat
801,1101,1501,301,1501,601,1001,1101,501,1201,
mouse
-799,-499,-199,-199,-99,-599,-599,-1399,-199,101,
cat
1001,601,301,1101,1801,901,901,401,601,1001,
mouse
1,-799,-599,-899,-199,-599,-99,-899,1,-899,
cat
1301,501,501,601,501,1301,501,301,1001,1101,
mouse
-399,-599,-199,-1399,-499,-699,-499,-899,-599,-599,
cat
1901,301,1201,801,901,201,1201,1301,1101,1401,
mouse
-199,-1099,-899,-799,-499,-899,-399,-599,-1099,-599,
cat
1501,401,1201,2301,1001,1601,101,601,1101,501,
mouse
-299,-499,-699,-699,-899,-899,-199,-599,-699,-199,
cat
1101,1801,401,601,701,601,301,901,901,1801,
mouse
-199,-399,-199,-599,-1099,-199,-599,-599,-699,-799,
cat
901,601,1301,601,1101,1001,1001,1301,1101,301,
mouse
1,-499,-299,-199,-499,-499,-599,-699,-899,-199,
cat
1001,901,801,1101,1101,401,501,501,1601,201,
mouse
-399,-799,-1099,-999,-299,-299,-299,-199,-399,-599,
cat
401,1401,201,1401,301,901,1101,1101,1101,601,
mouse
-299,-1099,-499,-399,1,-299,-399,501,-399,-499,
cat
1301,501,501,1201,501,1201,1001,501,101,701,
mouse
-99,-299,-399,1,-699,-2099,-499,-399,-299,-999,
cat
401,601,701,1101,801,1301,601,1201,1201,801,
mouse
-99,-299,-299,-399,-1299,-799,-799,301,-599,-399,
cat
1001,1201,801,1101,901,1001,501,401,901,901,
mouse
201,-299,-1699,-399,-599,-699,-399,101,-799,-599,
cat
801,301,501,701,501,1401,701,1101,601,1101,
mouse
1,1,-1499,-99,201,-499,-199,-499,-199,-99,
cat
1001,301,301,401,1301,1201,401,501,301,501,
mouse
1,-99,-199,-399,-399,-599,-399,-599,-1199,-499,
cat
701,601,301,801,401,601,401,701,601,1201,
mouse
-899,-99,-99,-99,-699,-299,-299,1,-99,-299,
cat
201,401,601,1101,501,501,301,301,601,301,
mouse
-299,-99,-399,-599,-699,-899,201,-399,-399,-299,
cat
601,1001,401,201,701,901,701,901,301,301,
mouse
201,101,-599,-299,1,-499,1,-199,-199,-99,
cat
901,1,401,301,801,501,301,601,201,1,
mouse
101,-299,-399,1,-499,-499,-199,-399,-199,-99,
cat
301,601,301,101,501,401,301,701,801,401,
mouse
-399,-699,-99,-699,101,-999,401,-299,-999,1,
cat
901,601,701,701,801,201,301,701,801,301,
mouse
-299,-199,-699,-1099,-999,-499,101,1,-99,-399,
cat
301,101,801,1501,1201,501,501,201,801,501,
mouse
-299,-399,401,-199,-1599,-99,-799,-299,201,1,
cat
701,601,501,101,601,701,201,1001,901,401,
mouse
-99,-99,-999,1,-299,-1299,-1299,1,-599,-599,
cat
701,401,901,801,401,701,1001,1101,501,201,
mouse
-499,101,-499,-1199,-999,-299,-1299,1,-899,-1099,
cat
1501,1501,1201,101,101,701,601,801,401,601,
mouse
-299,101,-799,-1099,301,-1099,-699,-199,-899,-899,
cat
1101,1101,201,1101,501,101,1701,801,901,601,
mouse
101,201,101,-199,-1299,-1299,-1199,-899,-99,-699,
cat
1301,1501,301,601,1001,1001,601,1001,101,601,
mouse
1,601,401,-1299,-999,-299,-599,-599,1,-299,
cat
701,201,401,601,801,701,1101,401,701,901,
mouse
-199,-899,-499,-399,-699,-599,-399,-1199,-299,-499,
cat
1901,701,801,701,901,701,1001,701,201,501,
mouse
-99,-499,-599,-299,-199,-799,-299,-899,-299,1,
cat
1301,501,401,601,201,401,701,1201,401,801,
mouse
-299,1,-299,-399,-199,-399,-99,-499,-599,-299,
cat
601,801,301,301,601,501,501,101,201,1201,
mouse
1,-299,-1199,-999,-199,-799,-1099,-1099,-1299,-699,
cat
1101,1201,601,601,901,1101,801,301,1301,1601,
mouse
-399,-899,-99,-399,-399,-199,1,-799,-199,-799,
cat
801,701,301,301,301,1001,101,1301,501,601,
mouse
1,-99,-199,101,-1399,-99,-899,-899,-599,-599,
cat
701,1001,401,901,401,501,801,401,201,501,
mouse
101,-599,-1099,-199,-399,201,-399,-299,-299,-99,
cat
901,701,601,301,401,201,401,201,601,301,
mouse
-299,1,-499,-399,-199,-399,-99,101,-999,-899,
cat
401,901,301,201,401,101,401,1101,901,501,
mouse
-99,1,-599,-799,-1499,-99,-699,-399,-599,-499,
cat
701,1601,501,401,901,501,1301,501,1,901,
mouse
101,-199,-199,-699,-99,-1199,-899,-599,-499,-1199,
cat
401,701,801,201,901,801,1001,1601,301,401,
mouse
-599,-99,-299,-499,-899,201,1,-399,-199,1,
cat
701,301,101,101,201,1001,1,101,701,501,
mouse
101,-199,-299,-1299,-399,301,-499,-499,-399,-399,
cat
601,901,401,501,1001,201,501,901,401,601,
mouse
1,-299,-1199,-99,-1199,-299,101,1,-199,-499,
cat
201,501,201,1,201,1001,301,301,901,1601,
mouse
-99,-999,-99,101,101,-599,-1199,-199,-499,1,
cat
1,401,401,1001,701,1001,601,401,401,801,
mouse
1,-599,-99,1,-699,-499,-799,-199,-299,-99,
cat
101,1101,401,1,601,701,401,501,401,201,
mouse
-299,-299,-599,-1599,-99,401,301,-399,-299,101,
cat
701,1,301,601,801,301,301,101,1101,1001,
mouse
-999,-999,-499,-399,1,-199,1,101,-399,601,
cat
401,501,601,401,501,301,901,701,301,201,
mouse
-299,101,-399,1,1,101,-99,-399,-99,401,
cat
601,401,101,101,401,1,301,301,301,401,
mouse
-99,-99,-199,1,1,-399,-299,-199,-199,301,
cat
601,301,201,401,401,501,1,101,101,1,
mouse
-299,-499,-999,-499,-399,1,101,-199,-199,401,
cat
301,401,601,101,701,801,401,301,1,501,
mouse
1,-199,1,-399,-599,-499,101,-199,1,201,
cat
801,601,101,101,201,301,401,1,601,501,
mouse
-199,101,-199,-299,201,-99,-499,1,-299,1,
cat
201,501,301,101,701,401,301,301,101,301,
mouse
-99,-299,-299,-99,201,1,201,-299,401,101,
cat
1,501,101,1,101,1101,101,101,201,201,
mouse
201,-99,-199,-199,-299,-99,201,-299,1,-499,
cat
701,301,101,1,301,501,301,501,401,1,
mouse
1,1,101,-99,-99,201,-499,-199,1,101,
cat
301,301,301,201,201,301,401,301,1,1,
mouse
-299,-399,-99,101,-199,101,201,-199,201,1,
cat
101,601,1,301,201,301,1,401,301,1,
mouse
101,-99,101,101,-99,101,-99,-199,1,-199,
cat
201,101,101,401,101,1,101,1,201,1,
mouse
-99,1,1,-99,-399,201,-399,201,1,1,
cat
201,101,101,1,301,101,201,301,1,1,
mouse
301,201,1,101,-99,1,101,1,1,1,
cat
101,501,1,101,101,1,201,201,101,101,
mouse
1,101,201,-199,-199,-299,201,301,101,1,
cat
701,601,201,1,301,1,101,201,1,1,
mouse
-99,-99,1,601,-99,101,301,1,101,1,
cat
201,101,201,1,1,1,101,101,201,1,
mouse
101,101,-299,-499,-699,201,201,-199,101,-99,
cat
1,201,101,301,301,401,501,401,201,401,
mouse
1,1,-499,-99,1,-99,101,-99,-499,101,
cat
1,101,301,401,201,101,601,101,401,101,
mouse
1,101,101,201,1,301,1,1,1,401,
cat
101,301,501,101,1,201,1,1,201,701,
mouse
101,1,-699,1,-99,1,301,101,-99,-399,
cat
401,1,501,401,1,201,1,801,101,101,
mouse
201,-599,-99,-599,-1199,201,301,301,-1299,201,
cat
901,801,601,201,2101,201,501,201,401,601,
mouse
-99,601,-99,-99,-399,301,-299,-299,-299,201,
cat
1601,201,201,201,301,201,1,201,401,101,
mouse
-499,-399,-499,-99,101,-399,-299,-99,-899,-599,
cat
201,101,1301,101,1701,201,301,301,201,501,
mouse
-399,-199,-799,-299,-199,-299,-99,-299,101,-199,
cat
401,1601,301,401,201,701,301,201,301,1,
mouse
-299,-199,-199,401,-399,-299,-599,201,101,-399,
cat
401,201,401,201,501,1,1401,201,201,1601,
mouse
-499,-399,-199,-199,-299,1,-299,-99,-199,201,
cat
501,601,101,101,201,1001,1,201,801,801,
mouse
201,-399,-799,-99,-99,-499,-699,-99,1,-199,
cat
501,1101,701,301,401,401,201,201,201,801,
mouse
-99,-299,-99,-899,1,-299,-299,101,-199,-399,
cat
801,901,101,801,1,601,601,401,101,1001,
mouse
101,-399,-599,-199,-199,-599,-399,-199,-799,-99,
cat
401,1301,801,401,301,401,301,301,901,201,
mouse
101,101,-299,-399,-299,-799,-999,101,-199,1,
cat
201,301,401,701,501,601,301,601,201,701,
mouse
1,-299,1,-199,1,201,1,-499,-299,-499,
cat
201,701,301,401,501,101,401,101,101,301,
mouse
301,-699,-199,-399,301,-99,-399,-299,101,-699,
cat
601,601,1,1001,501,901,1,601,1,201,
mouse
-99,-199,-999,-299,-499,-1899,-299,-1299,201,-199,
cat
301,1101,501,1101,801,1301,601,401,601,801,
mouse
-399,-199,-499,-299,101,-799,-599,-99,-199,201,
cat
601,401,401,501,601,501,701,701,501,401,
mouse
101,101,-699,-99,-499,-599,-99,-499,-99,-499,
cat
401,701,101,1201,501,301,501,201,301,701,
mouse
1,-299,-199,-299,-1199,-199,-399,-699,-599,-499,
cat
601,801,101,701,1201,1101,501,601,101,501,
mouse
1,-699,-299,-499,201,-499,-699,-999,-599,-99,
cat
701,701,301,401,501,1301,401,601,201,601,
mouse
-299,-99,101,-799,101,-1099,-599,-1599,-399,-99,
cat
901,1301,1401,301,401,501,701,601,101,401,
mouse
-399,-499,-899,201,-99,-299,-299,-499,-599,1,
cat
601,201,601,701,1001,701,401,201,201,601,
mouse
901,-399,-499,-399,-399,-899,-699,-199,-799,101,
cat
801,601,401,201,301,201,701,801,501,1401,
mouse
-299,-199,-299,-1399,-299,101,-99,-799,-399,-699,
cat
201,401,1101,401,601,201,1301,701,901,401,
mouse
-299,-199,-299,-499,301,-299,101,-799,301,-499,
cat
201,901,801,101,201,501,701,601,401,301,
mouse
-99,-399,-99,-699,-99,-299,-399,-499,-199,-299,
cat
1101,201,301,501,301,901,801,1001,401,401,
mouse
-99,101,-299,-199,-99,-499,1,-599,101,201,
cat
601,501,601,301,401,401,801,201,501,201,
mouse
-699,-299,-499,-99,-99,-399,-99,-99,1,301,
cat
1101,201,501,101,101,501,401,601,401,101,
mouse
201,-499,-99,-599,1,-199,201,-299,-399,-199,
cat
701,1,101,701,401,601,401,101,401,501,
mouse
1101,-599,101,-999,-99,-299,-299,-599,1,-599,
cat
801,401,601,601,601,601,301,101,401,501,
mouse
1,-299,-199,-699,-199,-99,-299,-399,-399,-499,
cat
701,601,401,201,601,201,101,901,501,601,
mouse
-199,-99,-1099,-1099,-699,-699,101,-1399,-699,-399,
cat
301,1201,501,901,701,1201,901,901,701,1001,
mouse
1,-299,-99,-199,-399,-1099,401,-1099,1,-1299,
cat
501,901,1101,501,1301,301,401,601,101,801,
mouse
-299,-999,-799,201,1,-1099,-599,-899,-699,-599,
cat
801,1001,1301,701,301,601,1001,901,1001,601,
mouse
-699,201,-599,-299,-499,-899,1,-1399,101,-699,
cat
1101,1001,801,701,501,501,1001,401,1201,701,
mouse
301,-99,-699,-399,-499,-299,-599,-599,201,-299,
cat
201,301,1,1201,501,201,501,501,701,601,
mouse
-399,-1099,-299,-299,-799,-699,-799,-899,-599,-599,
cat
901,601,901,901,1001,1401,601,701,601,401,
mouse
-199,-499,-1199,501,-599,-399,-899,-299,-899,-899,
cat
1201,701,601,401,201,1401,901,1001,401,901,
mouse
-199,-699,-1099,-999,-99,-199,-599,-299,-199,-1399,
cat
1501,801,501,601,1201,1001,401,1101,901,601,
mouse
-499,-99,-1199,301,-599,-99,-299,-699,-299,201,
cat
801,501,201,301,101,801,901,1601,701,401,
mouse
-99,-299,-699,-599,-699,1,-699,-499,-99,-599,
cat
901,501,601,501,201,1001,901,401,701,601,
mouse
-199,-299,-1199,101,-999,-99,-599,-1099,-599,-299,
cat
401,1201,501,401,601,801,401,1501,801,501,
mouse
1,-99,-299,-599,-399,-599,-299,-99,1,-299,
cat
901,701,201,101,601,201,501,401,101,401,
mouse
1,-99,1,-499,-999,101,-1199,1,-99,-299,
cat
1201,201,1001,301,801,701,601,401,601,501,
mouse
-99,-499,-899,-199,-599,1,201,401,-99,-199,
cat
401,601,401,201,301,201,101,401,901,801,
mouse
-699,-399,101,-499,-399,-199,-699,-699,1,-199,
cat
201,201,701,601,201,1001,801,501,1101,601,
mouse
-99,1,-499,-499,-199,-299,1,1,-399,-199,
cat
401,401,201,201,401,101,901,901,101,501,
mouse
-399,-399,101,-1099,-699,-399,-999,-299,1,-99,
cat
1001,1101,601,401,1101,301,501,401,801,301,
mouse
-599,1,-499,-399,-199,-999,-1199,-699,-199,-399,
cat
801,601,301,1301,801,601,501,401,401,801,
mouse
-399,-599,-999,-799,1,-899,401,-299,-499,-99,
cat
601,901,501,701,601,1401,401,301,201,801,
mouse
-299,-299,-299,-499,-799,101,301,-99,-299,-299,
cat
1601,501,201,101,601,301,1,201,201,201,
mouse
1,-199,-199,-299,-199,1,-299,601,1,-99,
cat
201,1101,201,501,201,201,201,201,501,401,
mouse
-399,201,-299,-699,1,201,501,-99,1,1,
cat
1001,801,301,701,301,301,101,301,301,201,
mouse
101,101,301,301,501,1,101,201,101,-499,
cat
101,601,101,101,201,601,601,301,701,301,
mouse
101,-99,301,-199,501,201,101,-999,-799,1,
cat
501,701,301,501,901,601,401,601,601,1201,
mouse
1,-799,-499,-899,-299,1,-599,201,-699,-299,
cat
1301,1401,401,301,1301,501,301,801,901,601,
mouse
-399,-499,-199,-799,201,1,1,-899,-399,-999,
cat
701,501,801,601,601,401,601,1301,701,1201,
mouse
101,701,-99,101,301,-199,1,401,-399,-299,
cat
301,201,401,601,901,1,101,601,101,1,
mouse
101,601,101,-299,-599,301,301,1,-199,-299,
cat
401,601,101,201,701,701,601,601,401,401,
mouse
-299,1,-99,101,-299,-699,-799,-699,-299,-199,
cat
1601,701,401,401,401,501,601,701,601,601,
mouse
101,301,301,-99,201,-599,-99,1,101,601,
cat
301,201,301,101,901,301,501,301,1101,401,
mouse
201,-799,201,-199,-499,101,101,1,-399,301,
cat
701,601,601,501,501,201,1001,401,701,401,
mouse
101,401,-199,101,-199,-99,201,-99,201,701,
cat
401,201,501,401,801,301,501,101,601,301,
mouse
-199,101,1,-99,701,-299,101,401,-799,101,
cat
401,301,201,401,1,301,401,401,701,901,
mouse
101,1,101,1,1,201,-399,-99,1,1,
cat
201,701,101,301,401,601,101,201,301,601,
mouse
1,-199,-99,-99,-299,1,201,-199,-199,1,
cat
201,801,701,201,201,101,501,301,201,701,
mouse
-99,-399,-199,1,1,-199,201,-99,101,-99,
cat
1101,301,401,501,101,201,901,201,301,101,
mouse
201,101,501,-199,-99,-299,-199,301,-99,-199,
cat
201,601,401,301,301,201,201,801,1,501,
mouse
-299,301,-99,-399,-299,-199,-399,-99,1,-199,
cat
601,1,301,301,1101,401,201,501,401,401,
mouse
201,401,-199,-599,101,-299,1,-99,101,-99,
cat
601,201,201,201,301,201,201,301,601,201,
mouse
301,1,-199,-399,1,301,-99,-699,-199,-499,
cat
601,201,101,501,301,501,201,801,701,301,
mouse
101,201,1,-399,301,1,-299,-99,101,-499,
cat
401,701,301,201,601,101,401,101,401,801,
mouse
1,1,1,-399,1,-299,-499,-399,301,-199,
cat
301,1001,501,401,601,601,401,401,301,701,
mouse
-499,101,-99,1,-699,-599,-199,101,-499,-99,
cat
701,101,401,201,601,901,501,301,601,1201,
mouse
-499,-199,-399,-599,501,-899,1,-599,-299,101,
cat
901,1001,301,301,701,601,401,201,1001,501,
mouse
-699,-299,-799,1,-199,-199,-399,101,401,-299,
cat
901,801,601,701,301,101,501,501,601,401,
mouse
501,-299,-499,-399,1,-399,-499,-399,-499,-499,
cat
301,201,801,701,601,501,601,501,401,901,
mouse
401,-399,-299,401,-399,-399,-199,-99,-699,-199,
cat
301,701,901,601,301,401,401,801,401,101,
mouse
-199,-299,301,-199,201,-299,-299,-199,-199,-99,
cat
201,701,501,501,501,401,1301,401,201,401,
mouse
-699,-99,-699,1,-999,-99,1,-199,-199,-299,
cat
301,501,801,401,601,701,201,301,901,501,
mouse
-399,-299,-199,-399,-699,1,-199,-499,1,101,
cat
401,501,901,801,701,501,901,201,301,201,
mouse
-99,-799,1,-399,-1299,-499,-799,201,-499,-699,
cat
901,801,501,801,301,1201,701,401,401,701,
mouse
-299,501,-799,-199,-399,-99,-199,-199,-599,-399,
cat
501,401,301,1101,201,801,501,401,301,701,
mouse
201,-399,-399,-499,-899,-1599,-499,-699,-699,-299,
cat
1001,501,301,1401,301,701,801,1001,501,1101,
mouse
101,101,-199,-699,-399,-599,1,-399,-599,-599,
cat
1201,1401,701,401,101,801,101,701,301,301,
mouse
-399,-99,101,-199,-499,-1699,-699,-199,-599,-299,
cat
701,201,501,301,701,401,1101,201,1401,1301,
mouse
-199,-999,-999,-899,-899,101,-299,-799,-799,-599,
cat
801,1201,1001,701,601,701,1301,201,501,1501,
mouse
-399,-199,-599,-699,-899,201,-1799,-999,301,-299,
cat
701,501,701,901,301,701,1901,601,501,701,
mouse
301,-299,-1299,-499,-1499,-399,-1399,-99,-999,-99,
cat
801,301,701,801,101,701,501,1801,2101,1301,
mouse
-199,101,-99,-399,-799,-199,-1099,301,-999,-199,
cat
1401,401,1001,801,601,401,201,201,601,101,
mouse
-99,-99,-299,-399,-599,-599,-399,1,-199,201,
cat
201,401,201,601,701,501,201,401,101,401,
mouse
-799,-199,-1499,-299,-1299,-699,-1499,-399,-299,-299,
cat
701,1101,401,501,1101,601,501,1701,1501,1101,
mouse
-199,-799,1,-499,-299,-499,-999,1,-299,-1199,
cat
801,601,601,901,901,701,401,901,801,201,
mouse
-99,-699,-1099,-99,-399,-299,-299,1,-499,-599,
cat
601,401,601,301,401,901,901,601,301,801,
mouse
-299,-699,-199,-699,101,1,-299,-299,-299,201,
cat
601,701,301,901,401,801,501,501,601,301,
mouse
201,401,-199,-299,-299,-99,-699,-499,-899,-499,
cat
501,201,801,301,601,801,601,1001,401,301,
mouse
301,-199,-1099,-799,-799,-499,-599,-599,-899,-299,
cat
501,1101,401,401,601,501,1601,701,801,1401,
mouse
-399,-699,-199,-499,-799,-899,-599,-699,-799,-1699,
cat
1901,1901,1001,1001,601,601,701,601,1201,301,
mouse
-299,-799,-499,-799,-799,-899,-199,-899,-299,-599,
cat
2201,501,201,501,101,1201,401,1501,801,901,
mouse
-299,-1099,-799,-499,-299,-1399,1,-499,-599,-899,
cat
1301,601,1101,401,601,701,301,1301,1701,901,
mouse
-399,-599,-499,-599,1,-699,-199,-199,-499,-399,
cat
501,1501,201,501,801,601,201,401,301,401,
mouse
-699,-699,-99,-99,-399,-799,-199,-699,-499,-299,
cat
601,501,601,601,801,701,401,401,401,101,
mouse
-299,101,-399,-199,-699,-99,-399,-599,201,-599,
cat
501,501,101,1301,801,901,301,401,701,601,
mouse
-99,-199,-499,401,401,-899,-399,1,-499,-199,
cat
301,301,501,201,501,401,701,1601,201,101,
mouse
1301,-99,-199,-399,-899,701,-499,-699,-399,-599,
cat
901,301,201,301,1301,901,501,101,301,901,
mouse
401,-399,-499,-199,-499,-399,-499,-1299,101,-99,
cat
701,1001,401,601,601,801,601,801,501,201,
mouse
1,-199,-99,-199,-199,1,101,-399,-1099,-799,
cat
401,401,901,401,1001,301,701,501,501,401,
mouse
-299,-399,-699,-1399,-399,-1599,-299,-99,-499,-499,
cat
1001,701,501,101,1201,1001,801,601,1001,1501,
mouse
-399,-199,-799,-399,-99,-1099,-599,-999,-599,-699,
cat
1301,1101,1301,901,601,501,301,401,301,1701,
mouse
-999,-699,-499,-1199,-499,-399,-399,-1099,-1499,-299,
cat
1701,1,1201,1701,601,1501,501,901,1301,301,
mouse
-199,-199,1,-399,-799,-899,-499,-299,-99,-1199,
cat
501,1101,1101,101,901,801,401,901,701,1101,
mouse
-499,-699,-599,-399,-499,-599,-1199,-1299,-399,-699,
cat
1401,1001,1201,401,1701,801,501,401,1701,601,
mouse
-299,-599,-799,-599,-599,-599,-599,-299,-599,-1099,
cat
1001,1001,401,1201,601,1501,901,301,301,1101,
mouse
-599,-299,-499,201,-799,-599,-799,-99,-199,1,
cat
901,201,401,501,1501,501,1201,201,1201,101,
mouse
-199,-299,-699,-699,-99,-199,-599,-499,-199,-1399,
cat
1601,501,1201,801,1601,301,401,801,1001,601,
mouse
-799,101,-599,-499,-599,-599,-199,-199,-99,-1199,
cat
801,1301,801,301,1001,201,301,1101,501,601,
mouse
-199,-399,-399,-699,-899,201,-699,1,-399,401,
cat
701,601,501,701,201,1001,501,1001,601,201,
mouse
-299,-99,-199,101,-799,-99,101,301,-299,-99,
cat
901,1,201,401,701,1,301,301,801,501,
mouse
-799,201,1,-1099,-699,-299,-199,101,-299,-199,
cat
201,101,1101,401,101,1001,601,801,1801,201,
mouse
201,-399,-399,-99,-199,-899,-899,-599,201,1,
cat
2001,1201,1,501,601,301,401,701,401,401,
mouse
-299,501,-399,-799,-99,401,-399,-99,-99,-799,
cat
901,901,401,201,101,501,501,901,601,401,
mouse
-299,-99,-499,-99,-99,1,901,-599,-99,201,
cat
601,401,501,301,201,701,1,201,401,401,
mouse
201,-99,-99,-299,-399,301,101,-499,1,101,
cat
601,901,601,401,401,301,301,201,301,201,
mouse
-99,101,-99,-499,-199,401,101,-299,-99,-299,
cat
701,501,401,501,201,201,401,601,201,1,
mouse
-899,-199,1,-99,1,101,-399,1,-499,-99,
cat
601,301,201,701,601,1,501,301,601,101,
mouse
301,1,301,1,101,1,-399,201,-699,-299,
cat
501,501,201,701,301,401,401,201,901,601,
mouse
-199,-299,101,101,-199,1,-399,-199,-99,-199,
cat
1101,201,601,301,1,501,201,301,101,501,
mouse
-99,101,-199,101,-299,1,-199,-99,301,-99,
cat
201,301,201,201,301,201,401,201,201,401,
mouse
-99,-299,-299,-99,-799,-99,-499,-99,-99,-99,
cat
101,301,201,201,301,301,201,401,701,101,
mouse
-299,-899,-99,-99,-299,-299,-99,-399,1,-299,
cat
601,301,1,501,501,101,601,501,1,801,
mouse
201,-199,-99,1,1,-599,1,1,1,-99,
cat
301,101,401,201,301,101,201,1,301,1,
mouse
-299,-399,-399,-99,-299,101,101,101,-499,-299,
cat
401,201,101,101,201,601,301,401,301,401,
mouse
-399,-99,-299,-299,-399,-99,-299,-199,-599,101,
cat
101,201,1201,101,501,501,301,201,501,401,
mouse
-99,-999,-499,-399,1,-299,-299,-99,-499,-599,
cat
1901,101,401,701,401,401,301,201,501,1301,
mouse
-599,-599,-599,101,-99,-199,-299,101,-99,-599,
cat
401,501,501,301,201,501,301,1001,201,701,
mouse
-199,101,-299,-499,-399,-199,1,-199,-399,201,
cat
401,401,401,501,401,201,301,101,201,201,
mouse
-399,-199,201,-199,-299,1,-299,-299,1,-299,
cat
501,901,101,201,501,501,1,1,201,301,
mouse
-299,-99,-99,-399,-199,-499,-299,-299,-399,-99,
cat
601,801,201,901,601,201,201,601,101,101,
mouse
-399,-699,101,1,-299,1,401,-699,-99,101,
cat
401,101,1001,401,401,301,501,401,301,401,
mouse
-199,-599,-299,-399,-199,301,-199,-99,-199,-299,
cat
901,1,701,101,201,301,801,201,1,101,
mouse
101,-199,-99,1,-199,-99,-199,1,1,201,
cat
601,401,101,101,1,601,1,1,301,201,
mouse
-99,101,201,-99,1,301,-99,-299,-99,-99,
cat
701,201,101,1,101,201,101,201,301,101,
mouse
-99,-399,1,1,-399,-299,101,-99,-199,-99,
cat
401,501,101,101,101,101,301,401,201,301,
mouse
-99,-399,101,101,-99,-299,-99,1,-199,101,
cat
601,301,101,201,301,101,101,401,301,101,
mouse
1,1,-199,-99,-299,1,-299,-399,1,401,
cat
301,201,1,301,301,301,201,201,101,301,
mouse
-399,-399,401,-499,1,-499,-299,201,1,-99,
cat
701,301,301,201,201,701,701,301,101,101,
mouse
1,201,-199,301,201,201,301,101,-599,1,
cat
401,101,101,201,301,201,501,101,201,201,
mouse
-199,1,501,-199,101,101,101,101,401,101,
cat
101,301,301,201,101,501,101,301,301,1,
mouse
301,-199,401,401,-399,-199,301,101,501,201,
cat
401,501,201,401,1,301,301,201,701,101,
mouse
1,-799,-399,-199,1,101,1,-899,101,-599,
cat
201,401,601,301,801,201,1201,601,101,801,
mouse
101,201,1,301,1,-299,501,1,-199,301,
cat
401,301,301,301,401,401,301,101,401,701,
mouse
501,1,101,-99,-99,1,-199,-299,-99,-99,
cat
501,1,201,101,801,101,701,401,101,401,
mouse
-199,201,-99,301,101,201,601,-599,1,401,
cat
701,301,201,601,801,101,101,701,101,101,
mouse
-599,201,101,101,201,-299,201,-199,1,101,
cat
301,301,501,301,301,301,501,601,801,401,
mouse
101,1,-199,-399,101,-99,401,1,301,101,
cat
101,501,601,201,201,601,501,101,101,201,
mouse
201,-199,101,-299,-299,101,101,101,401,-99,
cat
1,401,401,401,201,201,101,501,601,501,
mouse
201,-399,601,201,1,301,-1099,-299,301,601,
cat
801,201,201,801,401,501,301,301,801,801,
mouse
301,1,-299,201,-199,-199,-299,-299,1,-199,
cat
1001,101,301,801,501,201,301,501,201,101,
mouse
201,-199,101,-199,101,201,-599,-99,-99,101,
cat
501,401,301,301,601,1101,201,601,201,401,
mouse
-199,-99,-199,-1099,101,301,-99,-299,-199,-299,
cat
601,701,601,401,801,201,601,501,1301,801,
mouse
1,1,401,-99,1,-1399,-1199,401,-99,-499,
cat
801,1001,301,701,801,101,301,601,301,901,
mouse
1,301,-299,-399,201,-399,-799,401,-399,-399,
cat
1101,601,701,1001,301,501,301,601,601,601,
mouse
601,101,-99,301,-899,201,101,201,-899,-599,
cat
1201,501,101,1101,1701,1301,1201,701,1001,701,
mouse
-299,301,101,401,-499,-799,301,-99,401,-1199,
cat
1201,1101,1201,801,1001,601,301,901,401,401,
mouse
301,-499,-199,-499,201,101,1,-99,1101,-299,
cat
601,901,1001,201,301,601,601,1001,701,601,
mouse
201,-799,501,1,401,-199,-599,-599,-499,1,
cat
701,601,1601,301,401,701,501,1201,901,1401,
mouse
-699,-99,-299,201,-1199,-199,501,101,-899,1,
cat
1701,1301,601,501,301,601,801,801,801,1601,
mouse
-299,1,-499,-699,-99,1,-999,-1199,-299,-99,
cat
801,1101,101,901,1101,401,801,401,601,2001,
mouse
-799,101,-399,-1999,-99,-199,-1199,-199,-799,-799,
cat
1701,1301,901,1301,1301,501,1001,701,901,901,
mouse
-99,-699,201,-299,-499,101,-99,-799,-999,-199,
cat
1401,1801,701,701,501,401,701,1201,301,401,
mouse
-299,-199,1,1,-199,-299,-599,-699,501,-1199,
cat
601,1101,801,201,701,1301,801,701,801,701,
mouse
-1099,-199,-199,-199,-1099,1,-799,101,101,-599,
cat
1201,901,1301,1001,501,401,501,901,501,801,
mouse
-899,-99,-299,-799,-299,-399,-1199,-699,-499,-499,
cat
901,1201,201,1001,801,1401,1001,1501,501,1401,
mouse
-1999,-599,101,101,-1799,-299,-299,-99,-699,-199,
cat
601,701,1201,1201,801,801,301,1601,1801,1201,
mouse
-299,-1099,-799,-299,1,-799,401,-99,-1299,-499,
cat
801,1301,601,2001,801,901,101,1201,301,501,
mouse
-499,-99,-699,-899,-299,-1099,-899,-999,-799,-1199,
cat
1601,2301,601,1001,1201,801,1801,901,901,1001,
mouse
101,-599,101,-199,-999,-899,-999,-499,1,-799,
cat
1801,1601,1401,701,1101,801,1201,201,701,1101,
mouse
301,-1299,-699,301,-99,-299,-399,401,-699,-499,
cat
901,1201,801,1001,701,501,901,701,601,801,
mouse
301,-499,-499,-99,-199,-99,-999,-199,-699,101,
cat
701,1701,1101,401,1001,1001,901,1301,201,1,
mouse
-199,-199,-899,501,101,-299,-899,-99,-599,-199,
cat
1001,1801,401,801,801,1101,601,101,701,701,
mouse
601,-299,-199,-299,-199,-499,-99,-1699,101,-599,
cat
1001,601,701,901,701,901,301,601,701,1801,
mouse
501,1,701,101,1,-499,-399,101,-899,-299,
cat
1201,701,401,301,901,401,801,501,901,1301,
mouse
201,101,-999,201,-499,-199,-699,-399,401,-399,
cat
401,801,201,801,501,1001,201,1101,901,601,
mouse
901,-799,-399,301,201,-99,-299,-199,-399,-399,
cat
901,201,1301,701,201,601,1,401,1101,301,
mouse
1,-399,201,-299,-899,301,-399,501,-1099,-799,
cat
701,1101,1,701,701,501,1001,401,801,701,
mouse
501,-199,1,-99,-699,-99,1,-399,101,-899,
cat
201,201,401,1001,801,401,601,801,801,501,
mouse
301,-399,301,-99,-299,1,-399,-499,-299,101,
cat
701,501,201,1101,401,501,101,401,201,101,
mouse
-99,1,401,1,-399,101,1,-499,-199,101,
cat
801,101,401,201,101,601,501,201,301,401,
mouse
-399,201,-299,-399,-699,101,-199,-299,-299,-599,
cat
1001,601,501,301,401,601,601,501,401,901,
mouse
301,-699,-499,-199,401,601,-199,-199,-299,-199,
cat
801,701,301,501,401,401,101,101,801,501,
mouse
1,1,-99,-299,-199,1,1,101,-199,-99,
cat
101,701,301,201,201,401,401,401,801,101,
mouse
301,401,301,-199,-99,-399,101,1,-499,1,
cat
301,301,201,401,401,701,101,201,301,201,
mouse
-399,-99,-399,-99,1,1,-699,-199,101,301,
cat
101,1,801,501,701,401,201,901,701,101,
mouse
-299,-199,-399,1,201,1,1,1,-99,-499,
cat
501,1101,101,1,1,201,301,601,201,101,
mouse
-299,-399,-499,-399,-1099,1,-299,-299,-999,-99,
cat
1301,501,901,1401,1101,101,401,501,101,201,
mouse
-399,-699,-199,-99,-699,-99,-99,-399,-399,-999,
cat
701,701,1601,201,501,901,301,101,101,901,
mouse
-299,-1199,101,-599,-799,-999,-599,-699,-299,-299,
cat
801,401,901,801,601,401,501,601,1701,1101,
mouse
-199,301,-599,201,-299,-99,-399,-399,-199,-499,
cat
701,1101,201,101,101,101,701,301,701,1001,
mouse
-99,-199,-99,-299,-499,-599,-499,-99,-299,1,
cat
1001,1,401,1,301,501,701,401,201,1301,
mouse
201,201,-699,101,1,101,101,-99,-399,-1099,
cat
901,1,201,401,401,401,1001,201,101,401,
mouse
-799,-399,-499,-99,-399,-599,1,-599,-399,-899,
cat
1201,301,901,1301,401,101,301,801,1001,1001,
mouse
1,1,-499,-199,-999,-499,-99,-299,1,-499,
cat
901,701,101,801,701,101,601,701,201,601,
mouse
101,-699,-499,-499,301,-199,-499,-199,-199,-699,
cat
301,601,1001,401,201,601,501,1001,401,1001,
mouse
1,-599,-799,-499,-899,1,-799,-299,-399,1,
cat
701,301,801,301,1601,501,701,601,401,301,
mouse
-399,201,-499,-99,-599,-499,-199,-999,-99,-499,
cat
101,601,801,401,1001,201,101,1101,601,1,
mouse
-299,-199,1,-899,-399,-299,-699,101,-799,-399,
cat
1201,401,1101,701,301,201,1,701,601,301,
mouse
-199,-299,-99,-499,-199,-599,-499,-299,-799,-1399,
cat
901,1201,901,701,201,401,701,1101,701,401,
mouse
-299,1,-99,401,-499,-599,-199,-99,-199,-399,
cat
801,701,701,401,201,101,401,301,301,701,
mouse
201,301,-199,-199,-199,101,-399,-99,401,501,
cat
101,101,101,201,101,1,801,501,201,601,
mouse
-299,-199,1,-499,-99,-99,-199,-199,301,1,
cat
201,301,1,201,401,1,1001,501,801,101,
mouse
-99,-299,101,-699,-99,301,-499,-499,-199,-399,
cat
401,401,1001,801,301,201,801,201,401,601,
mouse
1,-199,1,-299,-799,-199,-499,-199,-299,-1599,
cat
1401,1001,1,201,901,401,501,401,301,301,
mouse
-399,-299,-799,1,-899,-599,-399,-899,-799,1,
cat
701,1001,501,1401,801,1001,801,201,801,201,
mouse
1,-99,-799,-199,-799,-1499,-1599,-299,-199,-399,
cat
1101,701,801,1101,301,801,1001,601,501,1201,
mouse
-1099,-299,-299,-99,-899,-199,-1199,-399,201,-399,
cat
1301,401,601,501,1,401,501,1301,601,601,
mouse
-599,-399,-299,1,-99,-499,-99,-599,101,-1099,
cat
801,1101,101,601,501,601,401,801,301,701,
mouse
-99,-199,-299,-799,-399,-699,-99,201,-99,-299,
cat
601,801,601,201,501,1101,301,401,101,701,
mouse
401,-899,-599,101,1,101,-699,-299,-799,-399,
cat
1301,101,1701,901,601,401,101,301,701,301,
mouse
-399,-399,-299,-299,-299,-699,-699,-299,401,-1199,
cat
601,901,1001,301,201,1201,101,101,1401,201,
mouse
-99,-99,-599,-499,1,-899,-899,-599,-599,301,
cat
1001,301,801,201,601,601,1001,401,901,501,
mouse
601,-99,-799,-399,-999,-599,-1199,-399,201,-99,
cat
801,1501,501,501,501,701,201,1501,301,701,
mouse
-999,-199,-699,301,-299,-99,-99,-1399,-699,-999,
cat
301,1201,601,1301,1001,701,501,601,401,801,
mouse
-99,-699,-299,501,-399,-199,-999,601,-499,-99,
cat
401,1001,301,501,601,601,901,801,601,601,
mouse
1,1001,-199,-1199,-899,-1099,401,101,-199,-199,
cat
1,701,101,601,601,301,801,1201,601,101,
mouse
1,301,101,-799,-199,-999,-299,1,-599,-99,
cat
701,301,201,601,301,501,801,401,601,301,
mouse
-99,-299,-399,-599,501,-299,-699,101,-299,-299,
cat
401,501,101,701,701,201,301,301,1501,701,
mouse
101,-699,-299,-599,-399,-599,-399,-999,-99,-99,
cat
1401,401,1101,101,401,1101,701,1,101,1001,
mouse
101,-99,-399,-599,-499,-299,-599,-399,1,-299,
cat
1201,201,501,901,401,101,201,501,801,401,
mouse
-399,-299,-499,-199,301,-399,-499,-199,-499,-299,
cat
501,201,1201,501,201,601,701,601,801,301,
mouse
201,1,101,-199,-399,1,-699,-199,-399,-799,
cat
801,501,401,701,501,1,401,1201,501,601,
mouse
301,-199,1,201,1,-299,-199,-299,-399,401,
cat
301,501,201,301,1,201,1101,301,101,601,
mouse
1,-799,-1699,101,-299,-599,-499,-399,101,-799,
cat
1101,1001,501,501,901,601,301,1101,701,301,
mouse
-699,-499,-299,-199,-399,-299,-499,-599,-199,-799,
cat
301,1101,1001,301,701,701,601,1201,901,201,
mouse
301,-299,-799,-199,101,1,101,-299,201,-399,
cat
501,601,801,201,601,601,201,201,301,201,
mouse
-499,-399,-199,1,-99,201,301,-99,601,-99,
cat
201,301,401,101,601,101,701,1001,401,401,
mouse
101,-99,401,-399,1,201,1,301,201,-99,
cat
301,201,501,101,1,601,401,1,101,601,
mouse
201,401,-99,101,401,101,-299,1,-199,101,
cat
401,201,101,201,401,401,301,401,701,301,
mouse
-199,201,601,-99,-599,-499,301,401,101,-199,
cat
601,401,301,101,501,701,1101,601,401,401,
mouse
1001,701,1,1,-299,-599,101,101,-99,-399,
cat
501,401,401,401,901,501,601,201,1,601,
mouse
901,-699,-199,201,401,1,-99,-99,-199,301,
cat
1101,101,101,101,401,301,201,401,401,501,
mouse
301,-99,201,1,-99,-99,1,-299,101,-99,
cat
801,101,201,601,201,401,501,301,401,101,
mouse
1,101,-99,101,-299,401,-299,-299,-199,-299,
cat
101,701,301,601,401,901,201,1,101,101,
mouse
-99,-299,201,201,301,-499,-199,101,-699,-299,
cat
1001,201,401,1601,201,401,201,201,501,601,
mouse
-99,301,-199,-199,401,101,101,-199,201,-99,
cat
301,1001,1,201,1,101,701,501,301,101,
mouse
-399,501,-199,-499,601,301,1,401,-499,-99,
cat
601,401,101,701,401,501,501,101,101,401,
mouse
201,701,1,-599,201,401,-199,701,-399,601,
cat
301,701,301,301,401,301,501,601,301,601,
mouse
701,101,-299,-199,1,-299,-799,-199,1101,-499,
cat
501,401,201,201,301,601,501,301,1201,901,
mouse
-499,601,401,301,701,-799,1,-499,1,-299,
cat
701,301,1,1001,401,601,201,301,101,701,
mouse
-199,601,201,101,-199,-99,-499,-499,1,-199,
cat
901,301,301,1,401,901,501,401,201,701,
mouse
-399,101,-199,501,401,-299,201,201,-299,-199,
cat
801,401,301,301,301,201,201,401,601,501,
mouse
101,101,501,201,-399,301,401,-199,401,1,
cat
301,501,401,301,101,1,501,101,201,801,
mouse
101,401,201,101,201,101,-499,-99,-199,-299,
cat
401,501,601,201,701,401,301,501,301,501,
mouse
301,301,-299,-299,-799,-199,201,201,-199,301,
cat
101,201,301,801,101,701,601,601,501,601,
mouse
701,-399,1,401,1,701,-299,-699,-199,-399,
cat
401,301,901,401,401,501,201,701,501,601,
mouse
701,101,401,-499,-199,401,-499,-299,-299,501,
cat
701,501,301,101,501,201,401,501,501,701,
mouse
301,-599,-299,-299,-199,-499,901,-99,501,1,
cat
501,201,701,201,1,1401,901,601,801,1201,
mouse
301,401,401,201,-99,301,301,-499,801,101,
cat
101,301,801,301,501,101,501,601,201,701,
mouse
301,401,101,-399,-399,401,-199,301,-599,-699,
cat
701,301,701,601,501,601,701,801,201,401,
mouse
-499,301,401,-299,-499,-499,-299,301,201,501,
cat
501,401,801,401,501,901,701,101,701,501,
mouse
1701,701,-199,201,101,-499,-199,401,701,301,
cat
201,901,801,701,701,701,301,301,601,301,
mouse
601,1601,-99,-99,1001,1001,301,701,301,101,
cat
501,601,201,301,601,301,201,301,301,201,
mouse
801,1001,1,301,-199,-199,401,-99,1101,401,
cat
201,901,401,601,401,301,601,201,501,101,
mouse
201,201,-199,201,1,-99,101,-799,-99,1,
cat
401,901,1601,401,401,401,301,101,101,601,
mouse
701,601,1001,-199,-99,-399,601,1,601,101,
cat
501,1001,701,601,501,701,401,601,101,301,
mouse
701,301,401,701,-299,-99,401,501,701,101,
cat
701,601,701,1201,401,201,501,601,401,501,
mouse
201,301,1,601,1,-199,101,301,101,301,
cat
301,501,601,1401,601,401,801,401,801,601,
mouse
-499,1,-299,401,-699,301,-299,101,101,101,
cat
1501,501,501,401,1601,301,501,401,201,601,
mouse
101,-199,901,-99,-1199,1,501,-299,-99,-99,
cat
701,601,401,601,501,501,301,201,1701,501,
mouse
-399,-99,601,-399,201,201,401,-199,201,-99,
cat
2301,701,101,601,501,801,201,401,501,301,
mouse
201,-199,-799,401,-99,301,-499,601,301,301,
cat
701,901,501,801,301,401,1,1101,1401,501,
mouse
-299,501,401,201,601,-299,501,-799,-199,-99,
cat
1601,1101,101,101,1401,501,301,101,801,301,
mouse
501,101,-599,-999,501,401,-699,-299,101,101,
cat
1501,1401,201,501,201,501,501,1001,201,1301,
mouse
101,-399,-299,101,-99,-299,901,-1399,-599,-299,
cat
501,1001,501,1601,1001,401,901,1101,1601,601,
mouse
-299,-699,-799,-199,-799,-299,-99,-899,-299,-1699,
cat
1301,701,1701,901,1601,1501,601,1001,601,1701,
mouse
301,-599,-1299,-99,1,-199,-199,501,-299,-299,
cat
401,1201,1301,701,701,401,1,901,1201,1301,
mouse
201,-599,-999,-299,601,-799,-899,501,-999,-499,
cat
601,801,701,1301,701,1101,1501,301,1201,601,
mouse
-199,301,-399,-599,-699,-799,-99,-699,-699,-199,
cat
1201,1001,1101,801,901,1201,701,1101,501,501,
mouse
1001,-599,-699,-699,401,-99,-699,-499,-299,-599,
cat
1001,1601,1101,201,1601,401,801,501,1501,701,
mouse
401,-199,-299,201,401,-399,101,1,-199,-799,
cat
1101,301,801,801,1001,801,301,401,301,901,
mouse
401,201,-99,-399,-99,201,-199,-599,1,101,
cat
601,901,1301,201,301,1201,801,301,201,301,
mouse
401,301,201,401,-99,-399,-1299,301,-499,201,
cat
1301,1001,701,101,901,501,301,1301,201,401,
mouse
-199,901,-199,-399,101,401,-199,-399,-899,501,
cat
401,601,401,2101,401,701,401,301,301,201,
mouse
801,101,201,101,201,-299,-199,1,-99,501,
cat
2501,1001,201,201,201,901,301,1001,901,401,
mouse
101,1,701,201,801,-299,1001,-399,101,701,
cat
701,801,701,301,201,101,101,301,101,601,
mouse
101,1,601,601,701,201,701,201,1,1201,
cat
301,701,1,101,1,201,1301,301,1,201,
mouse
1301,801,1,201,1,501,501,901,901,-99,
cat
201,401,101,101,101,301,401,101,401,201,
mouse
1201,601,1,501,-699,401,-299,201,301,301,
cat
101,301,301,501,301,401,401,1101,1,101,
mouse
1,501,-99,-99,101,1101,101,401,701,301,
cat
401,301,101,1001,501,601,201,201,501,201,
mouse
601,701,-299,-399,201,601,201,201,-799,401,
cat
401,401,601,701,301,101,701,1301,201,801,
mouse
401,701,801,701,1,201,-199,-199,1,501,
cat
701,201,301,501,201,201,701,501,601,101,
mouse
501,201,201,-99,1001,501,401,601,201,701,
cat
701,1601,1,201,301,1,401,1,501,201,
mouse
701,101,-299,-199,-99,301,-399,1101,301,101,
cat
1401,301,901,101,1,301,1001,801,401,601,
mouse
601,201,801,401,-199,-499,-399,201,201,401,
cat
801,901,601,501,101,201,301,801,901,101,
mouse
701,601,901,401,501,-399,601,201,901,-99,
cat
1201,601,1,201,201,301,401,401,101,901,
mouse
701,1,101,-299,101,-399,301,901,1,201,
cat
1201,901,201,201,801,101,101,201,1,201,
mouse
201,101,-199,201,-299,401,1,901,-499,-399,
cat
1201,1201,401,801,101,101,1,301,801,201,
mouse
101,301,1,1,-99,301,101,401,101,-299,
cat
1401,1,201,201,101,1101,401,201,201,1,
mouse
301,801,801,1,-99,301,401,-299,701,501,
cat
801,1,401,601,101,201,101,201,101,101,
mouse
1101,1,501,-599,101,1,101,401,1,501,
cat
501,101,101,201,201,1501,501,101,101,201,
mouse
1,101,401,1,301,1001,101,601,301,-199,
cat
1301,1,101,201,601,201,301,1,301,101,
mouse
601,1001,201,901,1501,401,201,101,201,201,
cat
101,201,301,201,101,301,1,101,201,201,
mouse
801,601,1,501,701,101,-99,301,-399,301,
cat
101,201,1,101,201,501,301,201,801,101,
mouse
601,1,101,101,201,201,301,-199,501,501,
cat
501,201,201,201,101,1,1,101,1,401,
mouse
901,1001,101,301,101,1,-99,601,401,1301,
cat
1,601,1,301,1,201,1,901,101,101,
mouse
201,601,-99,301,501,901,301,901,601,201,
cat
701,1,201,101,1,101,401,1,1,101,
mouse
1201,701,1301,1001,701,501,301,601,-99,801,
cat
101,601,201,1,101,1,1,101,201,101,
mouse
801,101,501,501,601,801,1,501,601,301,
cat
401,1,301,1,201,401,1,101,1,101,
mouse
801,401,601,401,601,701,401,701,601,201,
cat
401,101,1,1,1,201,501,101,1,101,
mouse
301,501,101,701,-199,101,801,801,901,801,
cat
401,201,101,1,301,101,101,101,201,201,
mouse
801,1001,801,801,1601,201,301,1101,1001,1001,
cat
401,101,1,201,1,201,101,201,1,1,
mouse
1901,701,1101,-299,401,601,601,-99,701,801,
cat
701,201,101,401,101,101,701,301,301,101,
mouse
1101,701,1801,1001,-99,301,701,401,301,101,
cat
301,401,401,101,101,301,101,301,101,101,
mouse
501,801,101,1101,201,1,501,701,1,201,
cat
301,301,901,1,801,201,201,301,201,501,
mouse
1401,601,701,501,501,601,501,1,601,1501,
cat
101,201,101,1,1,1,101,1,1,1,
mouse
701,501,1001,201,401,-299,401,601,1,1,
cat
1,101,101,101,201,201,201,1,201,401,
mouse
801,501,1101,401,1301,801,901,301,201,701,
cat
101,101,101,101,201,1,201,101,1,1,
mouse
701,601,501,801,801,701,301,601,701,101,
cat
201,101,701,201,101,101,401,1,1,1,
mouse
401,101,901,-199,801,201,401,1001,101,601,
cat
101,301,101,301,1,201,1,201,101,301,
mouse
501,401,601,-599,601,-199,1101,201,101,501,
cat
101,401,301,401,101,601,101,101,201,1,
mouse
801,801,601,101,901,501,501,-299,901,301,
cat
201,201,401,301,101,101,701,201,201,101,
mouse
801,1301,101,501,301,101,301,601,301,1001,
cat
401,201,201,201,201,301,101,1,1,201,
mouse
601,-199,401,901,301,-99,201,301,401,1001,
cat
401,301,501,401,401,301,201,301,401,301,
mouse
601,301,901,-199,201,501,701,501,201,901,
cat
301,101,501,201,1,101,301,101,201,401,
mouse
-99,-99,401,401,101,601,101,901,-599,101,
cat
201,701,501,601,201,401,301,201,301,101,
mouse
401,-299,1,501,101,1,301,-99,401,101,
cat
1,1,201,1,201,301,201,201,101,1,
mouse
201,601,1001,601,-199,601,-199,-199,-199,-199,
cat
101,201,101,301,201,301,301,1,501,301,
mouse
-199,501,-299,601,401,1,501,-99,301,-299,
cat
401,301,1,301,201,901,401,401,101,601,
mouse
701,301,201,401,401,901,701,-699,-199,701,
cat
501,301,201,401,301,801,301,501,401,401,
mouse
301,101,1001,601,-299,-99,601,601,301,301,
cat
601,101,301,701,1,1,301,201,101,301,
