mouse
101,1,101,301,401,601,301,1,1,101,
cat

mouse
701,401,201,1,501,401,401,1901,401,101,
cat

mouse
1601,801,1001,201,301,201,601,301,201,1101,
cat

mouse
1201,801,1,101,101,501,1,1,701,101,
cat

mouse
701,1001,101,401,201,301,1,601,201,701,
cat

mouse
901,501,201,101,101,101,401,201,1,1,
cat

mouse
1,1,1,401,201,201,1,101,101,101,
cat

mouse
101,1,1,301,1,1,1,1,501,1,
cat

mouse
101,201,1,201,1,201,1,1,1,1,
cat

mouse
101,1,101,101,1,1,101,1,1,101,
cat

mouse
1,1,1,101,1,1,1,1,101,1,
cat

mouse
1,1,101,1,1,1,101,101,1,1,
cat

mouse
1,201,1,1,1,1,1,1,1,1,
cat

mouse
101,1,1,1,1,1,1,101,1,1,
cat

mouse
1,1,1,1,1,1,1,101,1,1,
cat

mouse
1,1,1,101,1,1,1,1,1,1,
cat

mouse
1,1,1,1,1,1,1,1,1,1,
cat

mouse
1,1,1,1,1,1,101,1,1,1,
cat

mouse
1,1,1,1,1,1,101,101,1,1,
cat

mouse
1,1,1,1,1,101,1,1,101,1,
cat

mouse
1,1,1,1,1,1,1,1,1,1,
cat

mouse
1,1,1,1,1,1,1,1,1,101,
cat

mouse
1,1,1,1,1,101,101,101,101,1,
cat

mouse
1,1,1,201,1,101,101,101,1,1,
cat

mouse
401,101,201,1,1,201,201,101,1,1,
cat

mouse
1,1,1,1,1,1,1,1,1,1,
cat

mouse
1,101,1,1,1,1,101,1,1,1,
cat

mouse
1,1,1,1,1,1,101,1,1,1,
cat

mouse
1,101,1,1,1,1,201,101,1,1,
cat

mouse
1,1,101,1,1,1,1,1,101,101,
cat

mouse
1,201,1,1,1,101,1,101,1,1,
cat

mouse
1,1,1,1,1,1,101,101,1,1,
cat

mouse
1,1,1,1,1,101,1,201,101,1,
cat

mouse
1,1,1,101,1,1,1,1,1,1,
cat

mouse
1,301,1,1,1,101,1,1,1,101,
cat

mouse
101,1,1,1,1,101,1,1,1,1,
cat

mouse
1,101,1,201,1,1,101,1,101,101,
cat

mouse
1,1,101,1,1,1,1,1,1,501,
cat

mouse
101,1,1,1,1,101,1,101,101,101,
cat

mouse
101,301,1,1,1,1,301,1,1,1,
cat

mouse
101,1,101,301,101,1001,1,1,1,1,
cat

mouse
101,101,1,1,101,1,101,1,1,101,
cat

mouse
101,101,101,101,1,101,401,1,1,1,
cat

mouse
1,1,1,1,1,1,1,1,1,1,
cat

mouse
1,101,1,101,1,1,1,1,1,101,
cat

mouse
101,201,1,201,1,201,1,1,101,1,
cat

mouse
1,1,1,1,101,1,1,101,1,101,
cat

mouse
201,1,1,1,101,1,1,1,101,1,
cat

mouse
101,1,301,1,1,101,1,1,101,1,
cat

mouse
201,1,1,201,1,1,1,101,101,1,
cat

mouse
1,101,201,1,1,1,101,1,101,1,
cat

mouse
101,1,201,301,101,201,1,101,401,1,
cat

mouse
1,1,101,101,301,1,1,101,1,1,
cat

mouse
301,101,1,201,1,101,201,101,201,101,
cat

mouse
401,101,1,101,1,401,201,1,1,101,
cat

mouse
101,201,101,101,1,1,1,1,1,1,
cat

mouse
301,301,101,101,201,1,1,101,201,101,
cat

mouse
101,101,101,201,201,1,101,1,101,1,
cat

mouse
101,101,1,101,101,101,101,1,1,1,
cat

mouse
1,1,1,1,1,101,1,101,1,1,
cat

mouse
101,1,201,1,301,1,1,1101,1,201,
cat

mouse
1601,101,201,301,1,201,101,1,201,1,
cat

mouse
1,1,1,1,1,1,1,1,1,1,
cat

mouse
1,1,101,1,101,1,1,101,101,1,
cat

mouse
1,1,1,201,1,101,1,101,1,101,
cat

mouse
1,1,101,1,1,1,101,1,1,101,
cat

mouse
101,1,1,101,1,101,1,1,1,1,
cat

mouse
1,1,101,201,1,1,1,1,1,1,
cat

mouse
1,1,101,1,1,1,101,1,101,1,
cat

mouse
1,1,1,1,1,101,101,1,201,1,
cat

mouse
101,301,1,1,1,1,1,1,1,201,
cat

mouse
1,1,201,1,1,101,1,1,1,1,
cat

mouse
101,1,1,1,101,101,1,201,1,1,
cat

mouse
1,1,101,101,101,1,101,101,101,101,
cat

mouse
101,1,1,1,401,101,201,1,1,101,
cat

mouse
1,1,1,1,1,1,201,101,201,1,
cat

mouse
101,101,1,1,1,1,1,1,1,1,
cat

mouse
1,1,101,1,1,1,1,101,1,1,
cat

mouse
201,1,101,101,201,1,1,1,1,1,
cat

mouse
201,201,201,201,101,1,1,1,101,301,
cat

mouse
1,301,1,1,201,101,1,101,1,1,
cat

mouse
1,301,1,301,1,1,1,201,101,1,
cat

mouse
101,1,1,101,1,1,1,1,1,1,
cat

mouse
101,101,101,201,1,101,1,1,201,1,
cat

mouse
101,201,201,1,1,1,1,1,1,1,
cat

mouse
201,1,101,201,101,101,401,101,1,1,
cat

mouse
1,1,201,201,101,1,1,1,301,1,
cat

mouse
1,101,1,101,101,101,1,1,1,1,
cat

mouse
1,1,1,1,1,1,1,1,1,1,
cat

mouse
101,101,101,1,101,101,101,1,1,1,
cat

mouse
1,1,101,1,1,101,1,1,1,1,
cat

mouse
1,101,1,101,1,201,1,1,1,1,
cat

mouse
201,401,1,101,1,101,1,101,1,201,
cat

mouse
1,1,1,101,1,1,1,101,1,101,
cat

mouse
1,1,1,101,1,1,301,1,101,101,
cat

mouse
1,201,1,201,1,1,1,1,101,201,
cat

mouse
1,101,1,1,1,1,101,1,1,1,
cat

mouse
1,1,1,1,1,1,1,1,101,1,
cat

mouse
1,101,1,101,1,1,1,101,1,201,
cat

mouse
201,101,201,1,1,101,1,1,101,101,
cat

mouse
1,101,201,1,1,101,1,1,1,1,
cat

mouse
1,1,101,1,101,101,101,1,1,101,
cat

mouse
201,101,1,1,1,1,1,1,1,101,
cat

mouse
101,101,101,1,1,1,1,1,1,1,
cat

mouse
1,1,1,1,1,1,1,1,1,101,
cat

mouse
1,1,1,1,1,101,1,1,1,1,
cat

mouse
1,101,1,1,1,1,1,1,1,201,
cat

mouse
1,101,201,1,101,201,1,101,101,1,
cat

mouse
101,1,1,401,1,1,1,1,101,1,
cat

mouse
1,101,1,1,101,1,1,101,201,1,
cat

mouse
1,1,301,1,101,1,1,101,1,101,
cat

mouse
1,1,1,101,1,1,201,101,1,1,
cat

mouse
1,1,1,1,1,1,1,101,1,1,
cat

mouse
101,101,1,101,101,1,1,101,1,101,
cat

mouse
1,1,1,1,101,201,101,101,101,101,
cat

mouse
101,1,1,101,201,201,1,1,201,101,
cat

mouse
1,201,101,1,101,1,1,1,101,201,
cat

mouse
101,401,101,101,101,1,101,1,1,1,
cat

mouse
201,1,1,1,1,1,201,1,101,101,
cat

mouse
101,101,201,1,1,101,1,101,201,1,
cat

mouse
1,101,1,101,1,1,101,1,101,1,
cat

mouse
101,1,101,201,301,1,201,201,1,1,
cat

mouse
101,301,1,101,101,101,1,1,101,1,
cat

mouse
201,101,201,101,101,1,101,101,201,1,
cat

mouse
101,101,101,1,201,1,101,101,101,101,
cat

mouse
101,201,1,101,1,101,1,1,1,101,
cat

mouse
101,101,1,101,1,201,201,301,101,1,
cat

mouse
1,201,1,101,1,201,1,1,201,1,
cat

mouse
1,201,1,1,1,1,101,1,101,1,
cat

mouse
1,101,101,1,201,101,1,101,1,101,
cat

mouse
1,1,101,1,1,1,1,1,301,1,
cat

mouse
201,201,1,101,101,1,1,101,1,201,
cat

mouse
1,1,1,1,1,1,1,101,101,1,
cat

mouse
101,1,1,1,1,201,301,101,1,101,
cat

mouse
101,101,1,1,1,101,101,101,101,1,
cat

mouse
1,101,301,1,1,1,101,101,201,101,
cat

mouse
101,101,301,201,1,1,101,101,101,1,
cat

mouse
1,101,1,201,101,101,101,1,1,201,
cat

mouse
1,1,1,1,301,1,1,1,1,1,
cat

mouse
401,101,101,101,1,101,401,1,1,1,
cat

mouse
201,1,1,101,201,101,1,101,101,1,
cat

mouse
1,101,201,1,101,1,101,101,1,1,
cat

mouse
101,1,101,301,201,301,101,101,1,101,
cat

mouse
1,1,1,1,1,101,101,101,1,201,
cat

mouse
1,1,201,1,301,1,201,201,101,1,
cat

mouse
1,1,1,1,1,1,1,1,101,101,
cat

mouse
1,1,101,1,301,1,101,1,1,101,
cat

mouse
101,1,101,101,1,101,101,101,1,101,
cat

mouse
1,1,101,1,1,1,1,1,1,301,
cat

mouse
101,101,201,101,101,1,101,1,201,101,
cat

mouse
1,101,1,1,201,401,301,101,1,1,
cat

mouse
1,201,101,101,101,1,1,201,201,101,
cat

mouse
201,1,1,1,1,1,1,1,101,1,
cat

mouse
201,301,101,101,101,101,101,401,101,301,
cat

mouse
401,101,1,101,101,1,101,1,1,1,
cat

mouse
1,1,1,301,1,1,101,101,101,301,
cat

mouse
401,1,1,101,1,101,101,101,101,1,
cat

mouse
101,101,1,1,1,101,1,101,1,101,
cat

mouse
301,1,1,1,101,101,201,201,401,301,
cat

mouse
1,101,1,1,1,1,1,1,1,101,
cat

mouse
1,1,1,1,1,1,301,1,1,1,
cat

mouse
101,401,1,201,1,1,101,101,101,201,
cat

mouse
201,101,101,1,1,101,201,101,101,201,
cat

mouse
201,101,101,1,101,101,401,1,101,1,
cat

mouse
101,301,1,1,201,1,1,501,1,1,
cat

mouse
201,1,101,601,101,1,201,301,101,1,
cat

mouse
201,1,101,201,1,1,1,1,101,101,
cat

mouse
201,1,101,101,201,201,1101,1,201,101,
cat

mouse
1401,101,401,1,101,101,201,201,201,1,
cat

mouse
1,101,101,1,1,101,1,1,101,1,
cat

mouse
1,1,1,1,201,101,1,1,1,101,
cat

mouse
101,1,101,1,1,301,201,1,1,201,
cat

mouse
501,1,501,1,101,101,101,101,201,101,
cat

mouse
101,201,1,401,201,1,401,401,601,101,
cat

mouse
101,1,1,201,101,401,1,1,1,1,
cat

mouse
1,101,1,101,101,401,101,401,101,301,
cat

mouse
201,1,101,1,1,201,201,401,1,1,
cat

mouse
101,101,301,301,1,201,201,1,201,1,
cat

mouse
301,201,1,1,501,101,1,301,1,301,
cat

mouse
201,101,1,1,101,1,1,1,101,1,
cat

mouse
101,101,201,1,1,101,101,1,301,101,
cat

mouse
301,101,301,101,1,201,201,101,201,201,
cat

mouse
201,101,1,1,201,1,1,101,101,1,
cat

mouse
1,201,101,401,1,1,1,101,1,1,
cat

mouse
1,1,1,201,301,1,1,1,1,101,
cat

mouse
501,101,301,201,1,1,201,201,1,1,
cat

mouse
201,201,201,101,101,201,1,1,1,101,
cat

mouse
1,1,1,1,101,1,1,1,1,101,
cat

mouse
1,1,701,1,201,1,101,1,201,301,
cat

mouse
901,101,1,101,1,101,1,101,101,1,
cat

mouse
1,101,301,201,101,1,1,101,201,1,
cat

mouse
1,1,101,1,101,1,1,201,1,201,
cat

mouse
201,1,1,1,201,1,1,1,1,1,
cat

mouse
1,1,1,1,1,101,101,101,1,101,
cat

mouse
201,1,1,1,1,1,101,1,101,201,
cat

mouse
101,201,301,1,801,101,301,1,101,1,
cat

mouse
301,1,1,101,1,1,1,101,1,201,
cat

mouse
301,101,101,1,201,101,1,1,1,1,
cat

mouse
101,1,301,101,1,801,1,101,501,1,
cat

mouse
1,101,101,301,101,101,1,201,1,201,
cat

mouse
1,1,1,1,301,1,1,1,1,1,
cat

mouse
101,101,201,1,101,201,201,1,201,901,
cat

mouse
1401,201,101,1001,101,101,301,1,1,101,
cat

mouse
201,401,1,1,101,1,101,1,1,201,
cat

mouse
401,1,101,501,101,101,1,101,1,301,
cat

mouse
301,201,1201,101,301,101,201,1,701,401,
cat

mouse
801,101,1,101,101,1,1,701,1001,101,
cat

mouse
1501,301,401,601,1,1,401,1,401,1,
cat

mouse
101,1,1,201,1,1,101,101,1,101,
cat

mouse
101,101,1,101,1,101,101,1,1,301,
cat

mouse
1,101,101,1,401,101,201,1,1,1,
cat

mouse
301,201,201,201,1,1,201,1,1,1,
cat

mouse
101,1,301,1,1,1,1,1,101,201,
cat

mouse
1,1,1,101,1,101,1,1,101,1,
cat

mouse
101,101,301,101,1,301,201,1,101,301,
cat

mouse
101,101,1,1,101,1,1,1,201,301,
cat

mouse
401,101,201,1,501,101,101,101,101,101,
cat

mouse
1,301,101,201,101,1001,1,1,201,301,
cat

mouse
301,201,1,301,201,101,1,1,1,1,
cat

mouse
301,101,101,1,301,101,401,1,1,1,
cat

mouse
701,1,101,401,101,101,1,1,1,201,
cat

mouse
401,1,201,101,1,201,1,1,1,101,
cat

mouse
1,101,1,1,1,1,201,201,101,1,
cat

mouse
401,201,1,201,601,501,1401,1,501,101,
cat

mouse
901,501,401,601,101,501,101,301,801,401,
cat

mouse
201,901,301,101,101,201,101,1,201,101,
cat

mouse
201,601,101,301,1,1,1,1,301,301,
cat

mouse
301,1,101,1,101,1,101,1,101,101,
cat

mouse
1,101,301,101,101,1,1,1,1,201,
cat

mouse
1,101,401,101,1,101,1,101,201,701,
cat

mouse
601,601,101,401,101,201,201,401,201,1,
cat

mouse
301,201,101,1,701,1,201,201,1,101,
cat

mouse
1001,201,201,1,301,1,201,101,101,201,
cat

mouse
1,201,101,1,1,1,101,1,101,1,
cat

mouse
1,201,101,1,101,1,1,1,1,1,
cat

mouse
201,1,1,1,1,1,301,1,301,1,
cat

mouse
1,1,1,1,1,1,1,1,1,1,
cat

mouse
101,101,1,1,101,1,201,1,1,1,
cat

mouse
1,1,1,1,1,1,1,201,401,1,
cat

mouse
401,1,1,1,1,101,1,1,1,301,
cat

mouse
101,1,101,1,101,101,1,201,1,401,
cat

mouse
1,101,1,1,101,1,101,1,401,1,
cat

mouse
301,1,1,1,1,101,1,101,1,1,
cat

mouse
101,101,1,1,201,1,1,1,1,1,
cat

mouse
1,1,201,1,1,1,301,201,201,1,
cat

mouse
201,201,1,1,1,1,101,201,1901,201,
cat

mouse
1201,1,1,301,301,301,1,1,201,1,
cat

mouse
1,101,101,601,1,101,1701,101,201,101,
cat

mouse
1801,1701,101,701,1,1,1,101,1,1,
cat

mouse
1101,601,201,101,101,201,1,1,201,1,
cat

mouse
1201,1,1,1,101,301,1,1,1,201,
cat

mouse
101,101,1,1,1,201,1,1,101,1,
cat

mouse
101,101,1,1,1,1,1,201,1,1,
cat

mouse
101,201,1,101,101,1,101,1,201,101,
cat

mouse
1,1,201,1,1,1,1,1,101,1,
cat

mouse
101,1,1,1,101,1,1,1,1,1,
cat

mouse
201,101,101,401,101,201,1,101,501,101,
cat

mouse
801,1,101,1,1,201,1,301,201,101,
cat

mouse
201,101,101,1,1,1,101,1,1,1,
cat

mouse
101,1,1,1,1,1,1,1,1,1,
cat

mouse
1,1,101,101,201,1,1,101,1,1,
cat

mouse
1,1,1,1,1401,1,101,1,1,101,
cat

mouse
901,101,1,1,1,1,1,1,201,1401,
cat

mouse
1401,1,1,1,1,1,1,1,101,1,
cat

mouse
1,1,101,101,401,1,1,1,1,1,
cat

mouse
1,1,1,1,101,501,1,1,1,101,
cat

mouse
301,1,1,1,1,1,1,401,1,1,
cat

mouse
1301,201,101,501,1001,1,201,201,301,501,
cat

mouse
901,1501,101,101,1,1201,301,201,201,1,
cat

mouse
901,401,501,1,1,1,201,801,1301,1,
cat

mouse
1001,201,1,1,701,1,601,1,101,1,
cat

mouse
601,801,1,501,201,901,601,101,901,1101,
cat

mouse
401,1301,201,801,1,1,1,401,501,1,
cat

mouse
1501,1301,1101,101,401,701,401,101,1,201,
cat

mouse
401,401,1001,1,1,801,301,201,101,501,
cat

mouse
601,401,501,1,401,201,1,201,101,1001,
cat

mouse
1201,201,201,301,401,901,101,201,601,501,
cat

mouse
1,101,1,1,201,301,1,101,401,101,
cat

mouse
1,1,101,501,1,101,501,1,1,701,
cat

mouse
201,501,1,201,101,401,201,301,301,1,
cat

mouse
1,201,101,1,1,1,1,101,101,1,
cat

mouse
101,201,501,201,1,201,301,1,401,301,
cat

mouse
101,1,1,501,601,101,101,1,201,501,
cat

mouse
101,1601,101,701,1,301,701,501,201,201,
cat

mouse
901,501,1,1,101,201,1,1,1,101,
cat

mouse
101,101,1,1,201,1,1,201,1,201,
cat

mouse
101,1,1,301,601,101,101,1,301,1,
cat

mouse
101,201,1,1,1,1,1,401,301,1,
cat

mouse
501,701,1,701,1,101,501,201,101,101,
cat

mouse
201,901,101,1,101,401,101,101,1,201,
cat

mouse
1201,801,1,701,201,1,301,101,1,201,
cat

mouse
601,601,101,601,201,1601,101,101,101,1,
cat

mouse
701,401,101,501,101,201,101,201,1,301,
cat

mouse
101,1401,201,1,901,1,201,1,101,201,
cat

mouse
401,401,1,1,1,101,401,201,101,101,
cat

mouse
901,301,201,101,1,901,401,201,101,101,
cat

mouse
701,1,1,201,1401,101,201,101,1,101,
cat

mouse
1301,1,101,101,101,201,1,101,101,101,
cat

mouse
1,201,101,101,1,1,201,101,101,1,
cat

mouse
101,201,1,1,101,1,401,1,1401,1,
cat

mouse
901,1,1,101,201,101,101,1,1,1,
cat

mouse
1,201,401,201,1,101,1,1,201,101,
cat

mouse
201,1,201,201,201,101,1,101,101,501,
cat

mouse
101,201,101,1001,101,101,201,101,101,101,
cat

mouse
601,1,501,101,201,1001,1,1,201,301,
cat

mouse
501,801,201,1,101,201,201,501,101,1,
cat

mouse
201,1,1,1,101,1,1,101,401,1,
cat

mouse
201,301,1,1,1,201,101,1,101,1,
cat

mouse
201,401,1,101,101,401,301,201,1,101,
cat

mouse
201,101,101,101,1,101,1,1,1,1,
cat

mouse
101,1,401,401,201,201,101,201,201,401,
cat

mouse
101,301,1701,401,401,201,301,1,201,201,
cat

mouse
1301,401,201,301,401,1,201,1,201,1,
cat

mouse
1,201,1,1,1,601,1,501,101,201,
cat

mouse
101,501,201,301,501,101,401,201,401,1,
cat

mouse
1,1,201,301,401,101,1,101,301,1,
cat

mouse
401,201,1,301,401,401,1401,1,101,201,
cat

mouse
1201,201,601,901,101,201,501,101,201,301,
cat

mouse
901,301,1,101,1,101,501,301,1,1,
cat

mouse
301,501,1,1,301,301,101,201,201,101,
cat

mouse
401,101,101,101,1,301,1,1,301,1,
cat

mouse
201,201,1,201,101,301,1,101,101,1,
cat

mouse
101,101,1,1,401,101,201,101,301,1,
cat

mouse
101,101,1,101,201,1,1,101,1,301,
cat

mouse
201,201,501,1,201,101,501,301,101,201,
cat

mouse
301,201,101,501,201,401,201,201,101,101,
cat

mouse
501,701,301,201,1,1,101,401,1,201,
cat

mouse
201,101,201,301,101,101,101,301,101,301,
cat

mouse
101,101,1,101,301,101,201,201,101,301,
cat

mouse
1,1,101,1,1,501,1,1,1,101,
cat

mouse
1,1,1,101,101,1,401,1,101,201,
cat

mouse
301,601,501,501,101,1601,401,101,1,101,
cat

mouse
501,201,101,501,101,101,101,1,1,1,
cat

mouse
101,1,101,1,1,1,1,1,1,1,
cat

mouse
201,101,501,101,1,101,1,1,1,1,
cat

mouse
201,101,1,101,301,1,201,301,1,101,
cat

mouse
1,201,401,201,301,1,201,1,101,101,
cat

mouse
201,1,201,1,101,501,101,1,1,201,
cat

mouse
1,301,1,701,1,401,101,1,301,101,
cat

mouse
401,401,201,1,101,301,201,1,1,1,
cat

mouse
201,101,501,401,701,101,401,101,101,101,
cat

mouse
1101,301,101,201,301,1,101,1,201,101,
cat

mouse
501,101,101,1,101,1,301,1601,301,101,
cat

mouse
1501,1,801,1601,1,1001,1,1,101,1001,
cat

mouse
601,901,1301,1301,601,201,1101,101,201,901,
cat

mouse
1501,1301,401,801,801,101,501,1001,601,1801,
cat

mouse
1701,1001,1,501,501,201,1,1,701,601,
cat

mouse
1601,201,301,101,801,701,601,1,1801,601,
cat

mouse
1001,401,201,1401,101,1101,101,101,701,1001,
cat

mouse
1601,901,1001,201,601,701,301,501,1001,401,
cat

mouse
901,801,201,1101,1701,1,701,501,301,601,
cat

mouse
1101,901,1601,901,701,701,301,101,301,501,
cat

mouse
501,1001,1,101,101,201,301,601,101,201,
cat

mouse
301,1,101,701,301,1,601,201,701,601,
cat

mouse
201,1,301,1,101,401,101,301,201,301,
cat

mouse
301,1,1,401,401,301,1,601,801,1,
cat

mouse
701,201,201,801,501,801,501,101,401,301,
cat

mouse
201,1,101,201,301,1,101,401,201,1,
cat

mouse
301,1,101,201,101,501,1,1,101,101,
cat

mouse
201,101,801,501,201,101,701,201,201,501,
cat

mouse
501,801,1101,1101,1,601,201,201,901,301,
cat

mouse
1001,401,601,501,601,501,901,901,401,701,
cat

mouse
601,601,201,301,201,1,401,201,801,1,
cat

mouse
1,701,501,501,301,301,101,301,201,701,
cat

mouse
1101,201,201,201,101,101,401,1,201,101,
cat

mouse
1001,301,1001,201,701,401,1,301,601,101,
cat

mouse
201,1,1,201,201,1,301,1,701,101,
cat

mouse
901,801,201,401,101,101,1,1,1,101,
cat

mouse
301,201,201,101,201,601,1,1,1301,101,
cat

mouse
501,501,1,401,201,201,1601,101,201,101,
cat

mouse
1201,201,1,201,201,1,401,301,1,1101,
cat

mouse
501,1,401,101,1,301,501,601,301,1,
cat

mouse
401,301,201,1,1,301,101,101,201,101,
cat

mouse
601,301,501,501,201,101,201,1,301,1,
cat

mouse
101,201,301,301,601,101,1,101,1,201,
cat

mouse
201,101,601,1,101,101,401,201,601,601,
cat

mouse
1001,901,1001,301,601,1801,1201,401,1701,901,
cat

mouse
1101,901,501,1,301,1001,301,401,301,201,
cat

mouse
301,1701,1,701,101,1,201,1401,101,201,
cat

mouse
1001,1001,1,401,201,201,101,901,1,201,
cat

mouse
901,1001,401,201,901,1,201,501,1001,101,
cat

mouse
301,201,1,801,401,401,301,601,501,1001,
cat

mouse
1201,1001,601,201,1,101,1,201,1,201,
cat

mouse
1001,101,501,201,1,201,801,1,201,301,
cat

mouse
1,501,101,1,1,301,401,301,601,101,
cat

mouse
301,101,101,1,1,101,101,1,101,201,
cat

mouse
101,1,1,101,101,201,1,101,101,1,
cat

mouse
401,201,1,401,301,401,1,901,401,901,
cat

mouse
901,101,1,201,1,201,101,1,601,301,
cat

mouse
301,201,1,1,101,1,1,701,201,201,
cat

mouse
1,201,1,301,101,201,401,201,101,301,
cat

mouse
501,1,201,101,201,301,401,201,101,1,
cat

mouse
101,101,101,201,301,601,101,201,1,701,
cat

mouse
1001,201,101,201,201,101,701,1,101,101,
cat

mouse
601,401,101,301,101,101,301,201,201,101,
cat

mouse
1,1,301,101,201,701,401,301,301,101,
cat

mouse
401,201,101,301,201,401,1,101,1,1,
cat

mouse
701,301,301,401,501,301,1,201,1,201,
cat

mouse
701,101,101,501,501,101,1,101,301,201,
cat

mouse
301,201,201,1,301,1,1,101,101,1,
cat

mouse
1,1,1501,1,401,201,1,201,901,101,
cat

mouse
2001,301,101,101,501,101,101,301,1,201,
cat

mouse
401,201,101,501,101,101,201,1,1,1,
cat

mouse
101,201,601,1,101,101,1,1,1,101,
cat

mouse
101,101,1,1,1,101,1,1,201,1,
cat

mouse
101,1,301,1,1,1,1,1,101,101,
cat

mouse
201,1,1,1,101,1,201,101,101,1,
cat

mouse
301,1,1,201,1,101,101,101,1,1,
cat

mouse
101,1,201,201,501,1,701,201,401,101,
cat

mouse
101,301,201,201,301,101,301,201,201,101,
cat

mouse
1,1,101,1,1,101,301,1,101,401,
cat

mouse
1,101,101,301,101,1,201,101,1,201,
cat

mouse
201,1,201,101,1,1,1,201,1,1,
cat

mouse
101,1,101,101,401,1,1,1,1,101,
cat

mouse
301,1,1,101,101,1,401,1,201,201,
cat

mouse
1,101,201,1,301,201,1,101,101,201,
cat

mouse
101,1,101,101,1,1,401,201,1,1,
cat

mouse
101,101,101,1,101,101,1,101,201,1,
cat

mouse
1,1,1,101,1,201,101,101,1,101,
cat

mouse
301,1,101,501,101,101,101,1101,101,201,
cat

mouse
1001,901,101,1,1,201,1,1,101,201,
cat

mouse
1201,201,1,301,1,301,1,201,101,401,
cat

mouse
1,1,101,101,101,1,1,101,1,1,
cat

mouse
1,101,101,1,201,201,301,101,101,1,
cat

mouse
1,201,301,201,301,101,201,1,1,201,
cat

mouse
1,1,101,1,1,101,101,1,101,301,
cat

mouse
101,101,1,1,301,101,101,101,1,1,
cat

mouse
101,201,101,201,201,101,201,101,101,1,
cat

mouse
201,101,101,1,101,101,1,101,101,1,
cat

mouse
101,1,1,1,1,501,1,1,201,101,
cat

mouse
101,1,101,101,701,101,201,101,501,1,
cat

mouse
101,1301,1,1001,1,1,401,301,201,101,
cat

mouse
1001,1301,1,101,301,601,1,301,301,1101,
cat

mouse
801,701,601,401,701,201,201,101,201,301,
cat

mouse
1101,301,201,201,501,101,1,101,201,401,
cat

mouse
801,101,1,201,401,301,1,401,201,1,
cat

mouse
401,101,101,101,201,301,1,1,501,301,
cat

mouse
1,201,101,801,1,1,101,201,1,1,
cat

mouse
701,101,301,701,301,201,1,901,901,301,
cat

mouse
901,1401,101,301,201,1,201,501,801,701,
cat

mouse
901,401,301,1,1,1,1,101,1301,101,
cat

mouse
901,101,201,1,301,101,101,301,101,1,
cat

mouse
1,101,1,1,701,101,1,1,201,1,
cat

mouse
701,401,201,301,101,201,1,301,1,201,
cat

mouse
101,201,1201,1,101,101,401,201,201,101,
cat

mouse
1501,1001,101,601,1,1,101,1,301,901,
cat

mouse
1201,1101,201,301,501,101,201,301,101,301,
cat

mouse
801,401,401,101,801,1,301,101,1401,201,
cat

mouse
1201,501,501,201,301,1,1201,201,201,101,
cat

mouse
401,101,1101,901,101,101,301,101,401,1101,
cat

mouse
901,601,801,101,1001,201,301,1,101,201,
cat

mouse
501,1201,1101,401,1,301,801,301,1101,101,
cat

mouse
601,601,701,201,501,401,1601,601,301,1,
cat

mouse
701,1,701,201,701,301,1,901,501,401,
cat

mouse
1101,1201,901,201,101,301,1,101,301,1501,
cat

mouse
1801,801,1301,501,201,1201,701,1001,101,101,
cat

mouse
1201,1201,1001,701,301,201,201,501,501,801,
cat

mouse
1301,201,601,101,601,101,1,301,401,801,
cat

mouse
801,1101,201,301,501,701,301,501,1101,1,
cat

mouse
901,901,601,301,101,101,401,401,201,1,
cat

mouse
1401,401,101,201,301,201,301,301,101,101,
cat

mouse
301,301,1601,301,201,201,401,501,1,201,
cat

mouse
901,101,1,101,1001,901,201,201,1101,301,
cat

mouse
901,701,501,301,201,1201,1301,201,201,1,
cat

mouse
601,1001,1001,201,401,1,201,101,701,1001,
cat

mouse
901,501,101,701,301,201,1,801,1,201,
cat

mouse
901,501,701,501,201,301,901,1301,101,101,
cat

mouse
901,1201,701,1301,1,501,101,701,501,1001,
cat

mouse
201,1101,501,201,1701,301,1201,101,1,1,
cat

mouse
1001,901,1,801,801,1,801,201,1001,1,
cat

mouse
101,1301,201,1201,501,901,101,1301,901,501,
cat

mouse
1201,701,401,701,701,1,401,301,901,101,
cat

mouse
901,1201,201,401,901,201,501,301,1601,1,
cat

mouse
1801,801,101,201,301,201,301,1,801,301,
cat

mouse
1301,601,101,1201,201,401,601,301,1001,1,
cat

mouse
501,401,901,1201,501,1,1,1001,501,501,
cat

mouse
1301,1001,501,1001,101,201,501,101,201,1,
cat

mouse
801,1401,601,701,201,901,401,301,801,101,
cat

mouse
1401,301,301,301,201,1,101,501,1601,701,
cat

mouse
1101,401,1001,1001,201,501,101,301,201,201,
cat

mouse
901,1101,1101,101,1001,201,101,301,601,801,
cat

mouse
801,701,601,201,601,501,401,1101,801,301,
cat

mouse
901,801,1001,601,901,501,101,101,101,1101,
cat

mouse
401,401,501,401,1101,501,1001,801,401,901,
cat

mouse
1301,601,901,301,601,101,201,601,201,1101,
cat

mouse
301,801,1001,401,201,701,1201,601,201,101,
cat

mouse
201,901,501,1001,601,701,1301,501,301,701,
cat

mouse
1001,401,201,501,301,701,1,701,901,101,
cat

mouse
901,601,401,201,801,1201,1601,601,201,101,
cat

mouse
301,801,1,301,501,301,801,1101,701,701,
cat

mouse
701,1001,701,901,101,1,101,201,601,301,
cat

mouse
1101,501,401,101,801,601,1101,901,801,701,
cat

mouse
901,601,701,1401,601,701,701,301,1,701,
cat

mouse
701,601,1001,1001,401,301,1601,401,701,1,
cat

mouse
201,1401,201,401,301,501,301,501,401,601,
cat

mouse
601,401,401,801,401,201,101,301,801,1301,
cat

mouse
901,1001,1,401,1101,401,501,301,301,601,
cat

mouse
301,901,101,501,501,801,101,801,801,1401,
cat

mouse
1201,901,401,101,201,801,401,701,901,1001,
cat

mouse
401,801,1001,801,1101,401,401,501,601,401,
cat

mouse
401,901,1201,601,901,1,201,201,1501,201,
cat

mouse
101,501,1001,101,501,701,1001,1001,301,301,
cat

mouse
501,1101,1201,801,401,1001,601,101,401,301,
cat

mouse
701,901,801,301,201,701,1101,701,1101,701,
cat

mouse
1,901,601,501,601,501,1101,101,701,1001,
cat

mouse
701,1001,701,1501,601,501,601,401,801,701,
cat

mouse
1501,201,401,801,1401,401,901,601,1201,301,
cat

mouse
801,901,201,1101,701,801,1101,601,1101,901,
cat

mouse
301,1101,1401,1001,101,101,301,201,201,401,
cat

mouse
301,501,801,201,601,901,301,901,501,201,
cat

mouse
801,901,101,501,1001,401,201,701,1001,401,
cat

mouse
1001,1001,801,501,301,1201,1,801,1101,1,
cat

mouse
501,1401,701,301,1001,401,601,701,1301,501,
cat

mouse
1001,701,1001,401,901,801,701,801,601,301,
cat

mouse
1,1001,201,801,501,401,401,701,201,1101,
cat

mouse
1001,801,501,101,301,1101,401,1201,601,501,
cat

mouse
1001,701,601,201,301,1,501,901,401,1001,
cat

mouse
601,1101,901,1,901,1201,401,701,401,601,
cat

mouse
701,1501,101,901,1001,701,101,901,501,901,
cat

mouse
801,701,401,801,1201,101,601,1001,601,701,
cat

mouse
901,1201,901,701,1,1,501,701,901,401,
cat

mouse
1001,1101,601,401,601,401,501,1001,401,801,
cat

mouse
901,1201,501,401,601,1401,501,601,1501,101,
cat

mouse
1301,501,701,1001,401,401,201,401,201,1301,
cat

mouse
701,901,801,401,1301,301,101,701,301,501,
cat

mouse
701,1001,601,201,701,1,301,701,401,801,
cat

mouse
601,501,401,501,701,301,1401,401,1,1,
cat

mouse
301,401,301,301,501,701,1301,501,201,301,
cat

mouse
701,1101,1001,1,1001,201,201,201,1,301,
cat

mouse
1101,901,1,1001,201,501,1,501,101,101,
cat

mouse
601,101,401,901,701,301,601,1101,101,701,
cat

mouse
601,301,101,301,901,301,1,501,501,501,
cat

mouse
901,401,1001,501,201,901,601,201,901,1201,
cat

mouse
1401,1101,501,201,401,801,101,201,601,701,
cat

mouse
501,801,501,601,901,701,1001,901,1401,701,
cat

mouse
201,1901,801,201,201,701,901,701,501,201,
cat

mouse
301,1301,501,401,1101,101,601,1001,801,301,
cat

mouse
701,701,201,901,501,601,501,601,201,201,
cat

mouse
1101,601,901,501,401,1001,301,1701,301,601,
cat

mouse
201,1201,1601,501,1801,201,301,701,901,1001,
cat

mouse
301,701,301,201,301,701,1001,901,401,201,
cat

mouse
1101,701,1,701,801,101,601,601,401,201,
cat

mouse
1201,101,1001,301,401,701,301,1501,901,501,
cat

mouse
701,601,301,101,701,501,201,1001,101,201,
cat

mouse
201,1501,1001,701,801,101,601,1101,201,301,
cat

mouse
601,301,501,1,201,1,101,201,201,1,
cat

mouse
1,1,1,1,1,1,101,1,1,101,
cat

mouse
401,1,101,101,201,101,1,101,1101,101,
cat

mouse
901,101,101,101,101,1,601,1,901,1,
cat

mouse
1001,301,301,401,201,101,301,201,201,1101,
cat

mouse
701,1,201,101,1,1,101,1,1,1,
cat

mouse
201,1,201,201,1,101,101,101,1,201,
cat

mouse
1,101,1,1,401,101,301,1,101,101,
cat

mouse
201,101,101,1,101,101,1,101,101,101,
cat

mouse
101,1,1,101,201,101,101,101,1,1,
cat

mouse
1,1,1,1,1,1,1,1,1,101,
cat

mouse
101,101,101,101,201,1,201,101,101,101,
cat

mouse
201,101,201,201,301,101,401,101,401,501,
cat

mouse
101,1,101,101,101,101,301,1,101,1,
cat

mouse
201,201,1,1,101,1,101,1,101,101,
cat

mouse
1,101,201,401,201,1,1,101,1,201,
cat

mouse
201,401,101,801,101,201,201,1,201,801,
cat

mouse
1001,301,201,501,101,1,1,401,401,301,
cat

mouse
501,101,201,1,201,201,1,201,1,201,
cat

mouse
301,201,1,301,301,201,201,501,401,1,
cat

mouse
301,101,1,401,101,101,201,101,101,301,
cat

mouse
1,401,301,301,201,1,1,201,1,1,
cat

mouse
401,201,1,101,401,1,101,1,301,201,
cat

mouse
1001,101,1,401,501,301,501,501,601,101,
cat

mouse
401,201,101,1,201,1,1,1,201,201,
cat

mouse
201,101,701,1,1,201,301,1,101,1,
cat

mouse
1601,301,401,1,301,201,201,101,1,101,
cat

mouse
401,401,1,501,1,401,701,201,501,501,
cat

mouse
1,101,101,1,201,1,1,201,1,101,
cat

mouse
101,401,1,1,1,1,201,1,201,1,
cat

mouse
201,101,1,101,601,401,201,301,201,101,
cat

mouse
1101,101,1,201,101,101,1,101,301,201,
cat

mouse
301,901,201,101,301,101,1001,1001,401,101,
cat

mouse
701,701,1001,401,101,501,601,401,1401,901,
cat

mouse
601,501,1201,1,401,201,301,101,1,501,
cat

mouse
601,801,601,1601,301,301,101,201,701,1,
cat

mouse
1501,601,601,201,501,1101,701,101,901,1101,
cat

mouse
401,801,601,201,601,201,301,901,1401,401,
cat

mouse
701,901,1101,1,101,101,401,2001,601,1101,
cat

mouse
701,1001,1001,1201,1,101,101,201,1,301,
cat

mouse
1101,1901,301,201,501,701,601,601,901,101,
cat

mouse
601,1,1,301,1201,901,1001,801,1901,501,
cat

mouse
1501,1301,501,1201,201,801,601,401,701,1601,
cat

mouse
1901,1301,201,301,101,201,101,101,301,901,
cat

mouse
1401,901,401,201,1,201,401,301,301,301,
cat

mouse
1001,101,401,101,301,1,1,201,1,1,
cat

mouse
601,701,101,1,301,2501,1,101,301,1,
cat

mouse
1401,501,201,101,1,201,201,101,1001,1,
cat

mouse
1501,701,101,101,1,301,201,301,1,901,
cat

mouse
201,1,101,1,1901,301,1,201,301,401,
cat

mouse
1701,501,1,1,201,401,201,201,101,501,
cat

mouse
301,101,101,201,201,101,201,101,201,101,
cat

mouse
1,1,1,101,1,1,1,1,1,201,
cat

mouse
1,1,1,1,1,1,1,101,1,1,
cat

mouse
101,1,1,101,201,1,101,201,1,101,
cat

mouse
201,301,1,101,401,101,101,101,101,101,
cat

mouse
1,1,101,1,101,101,1,1,1,1,
cat

mouse
101,1,201,1,301,201,201,301,1,101,
cat

mouse
101,101,1,201,101,201,201,1,1,1,
cat

mouse
101,101,1,1,201,1,201,101,201,1,
cat

mouse
101,1,201,101,401,301,101,201,201,201,
cat

mouse
1,1,201,1,101,201,201,101,1,101,
cat

mouse
201,1,1,101,101,1,101,1,201,201,
cat

mouse
301,301,1,1,1201,301,101,101,1,101,
cat

mouse
1101,301,1301,1501,101,201,401,2101,301,201,
cat

mouse
2301,901,901,801,301,1301,1101,101,301,401,
cat

mouse
1201,1201,1901,301,901,2301,901,101,1501,1201,
cat

mouse
2201,1101,1001,701,1401,1701,1701,701,701,201,
cat

mouse
701,701,701,401,801,1201,501,101,1601,501,
cat

mouse
801,501,1,701,501,401,1201,1501,1001,1001,
cat

mouse
1901,1201,401,701,801,1101,1301,201,401,101,
cat

mouse
1501,601,2401,1301,1501,301,301,101,1001,501,
cat

mouse
2001,1201,401,1101,101,1101,501,1801,901,901,
cat

mouse
601,1201,2201,1301,1701,1701,701,301,901,1401,
cat

mouse
601,1801,201,1401,101,1101,2001,801,901,1,
cat

mouse
1001,1701,501,1201,1201,1001,401,101,601,801,
cat

mouse
1201,701,401,1701,1001,1201,801,1,1501,701,
cat

mouse
1201,1301,801,901,401,901,201,1701,301,1501,
cat

mouse
1201,1301,1301,501,1301,1101,1101,701,1101,1101,
cat

mouse
501,1001,1401,1601,1001,1501,1701,1401,501,1201,
cat

mouse
1001,2001,901,1001,1001,801,601,601,801,1301,
cat

mouse
501,1201,1701,1601,501,2001,1201,801,801,601,
cat

mouse
1401,1801,1101,1501,801,1401,1501,501,1401,301,
cat

mouse
2001,201,1401,1201,1,1501,301,601,601,1301,
cat

mouse
901,1001,401,1701,501,901,1501,701,1501,601,
cat

mouse
901,1601,1201,2201,1301,1801,1301,1101,1401,301,
cat

mouse
1301,901,1801,901,301,101,1201,1001,1301,1101,
cat

mouse
801,2401,501,601,501,901,1501,801,1101,1301,
cat

mouse
1401,1701,901,1101,401,101,1001,401,1201,1001,
cat

mouse
801,1201,101,601,301,1701,301,701,1501,701,
cat

mouse
1201,1601,701,301,901,801,1401,601,2201,1001,
cat

mouse
1401,1801,1001,801,801,1201,101,701,601,701,
cat

mouse
1801,901,1501,501,401,101,1401,701,1601,1401,
cat

mouse
601,1201,1301,1501,1101,1201,301,401,1601,901,
cat

mouse
1001,1301,401,801,1201,701,1101,1,101,1401,
cat

mouse
1201,1401,601,1501,301,201,1101,101,1301,1201,
cat

mouse
1001,2201,801,801,1401,701,301,1801,1601,1001,
cat

mouse
1001,1301,901,1701,501,801,1001,1201,701,1101,
cat

mouse
1201,1101,601,501,1001,601,701,701,801,301,
cat

mouse
401,601,1501,301,1701,101,501,1801,801,701,
cat

mouse
1901,1101,1301,2001,1701,501,801,301,101,1401,
cat

mouse
1101,1401,901,201,1901,801,1401,1701,1,1101,
cat

mouse
301,1001,1001,801,2001,901,901,801,1001,1201,
cat

mouse
1101,901,1101,1401,1101,1001,1701,201,701,1201,
cat

mouse
1101,1301,901,1201,701,1201,1,1301,1201,1401,
cat

mouse
1101,301,2101,1901,1801,901,1301,1101,601,1001,
cat

mouse
2101,101,701,601,1401,1001,1201,1201,901,1401,
cat

mouse
1101,1301,101,201,1101,1501,1501,1301,1401,1301,
cat

mouse
301,901,1601,901,701,1101,1501,1901,401,601,
cat

mouse
1501,2001,701,1301,1101,1701,301,301,601,1601,
cat

mouse
1801,701,1801,1201,1101,901,1401,1501,1101,601,
cat

mouse
1001,601,1201,401,601,1001,701,1001,1701,1101,
cat

mouse
901,1301,701,1501,1301,601,1701,1201,1301,1401,
cat

mouse
1101,601,1201,1401,1401,2201,1401,1301,1801,1201,
cat

mouse
901,1701,901,601,1101,1101,701,1101,1001,1201,
cat

mouse
1401,501,1201,601,101,1101,1001,1101,801,401,
cat

mouse
1001,1001,601,1801,1601,801,1101,901,1501,1201,
cat

mouse
1101,301,1501,1,901,201,1701,1901,1401,1501,
cat

mouse
801,901,1201,401,101,1501,1501,1601,701,1201,
cat

mouse
1101,1601,1301,1901,801,1101,201,1501,1201,601,
cat

mouse
501,1601,901,701,601,801,801,601,1601,801,
cat

mouse
601,1501,901,1301,301,101,801,1801,1601,901,
cat

mouse
501,601,1101,1101,701,1601,1401,801,601,701,
cat

mouse
801,1501,601,901,1801,101,1301,2001,401,1301,
cat

mouse
1301,1801,801,201,1,1601,1401,1001,801,501,
cat

mouse
1401,1201,1,301,1101,1101,801,901,1701,1401,
cat

mouse
1101,1601,501,1101,1001,301,1601,801,401,701,
cat

mouse
801,1501,401,101,401,901,1,401,301,1401,
cat

mouse
1501,1401,501,901,1301,1301,401,201,101,901,
cat

mouse
501,1201,1001,1201,1801,201,1301,301,201,1201,
cat

mouse
201,801,1901,701,301,101,1001,1601,801,1301,
cat

mouse
1101,1201,2901,601,101,501,1,1201,1001,1001,
cat

mouse
1501,1101,701,901,1201,801,601,1101,1301,501,
cat

mouse
1101,1001,601,801,1001,1001,1401,501,1501,1,
cat

mouse
1001,1401,1301,401,1501,1901,901,901,1001,1001,
cat

mouse
1501,1201,401,901,1501,501,201,901,1301,1301,
cat

mouse
1301,1601,601,1101,1001,1101,401,701,301,301,
cat

mouse
1401,1201,401,1201,701,1701,401,301,601,1001,
cat

mouse
1801,1201,601,1001,201,2001,901,901,801,201,
cat

mouse
1201,1101,501,901,1001,801,801,901,1001,501,
cat

mouse
2101,1001,1,601,701,601,501,1101,1401,1001,
cat

mouse
1601,1801,901,1501,1101,601,901,1001,1001,801,
cat

mouse
1801,1401,801,101,1701,1501,1201,401,201,701,
cat

mouse
1601,601,1501,1401,501,1301,1401,2101,1101,701,
cat

mouse
1401,501,701,601,1501,901,601,1201,1,1501,
cat

mouse
1301,1301,2301,1401,801,1001,1201,1101,901,1701,
cat

mouse
701,1201,1001,1001,701,801,801,801,2701,1301,
cat

mouse
1301,1401,901,401,401,1201,901,1201,1501,1301,
cat

mouse
1201,1301,801,2101,501,1301,1401,1601,1101,601,
cat

mouse
401,1701,501,1,1101,1401,1001,801,1,1001,
cat

mouse
801,1501,1601,301,901,801,801,1801,401,901,
cat

mouse
901,701,1301,1101,1501,1201,801,1601,101,601,
cat

mouse
1701,1201,1201,301,601,1101,601,1501,1001,1801,
cat

mouse
1701,1701,501,1001,801,1101,1101,1001,401,201,
cat

mouse
1701,401,801,101,1,1001,1901,1301,201,2301,
cat

mouse
2001,301,201,801,2001,201,1401,1101,501,401,
cat

mouse
1001,1601,901,901,201,1,601,601,501,901,
cat

mouse
1301,901,301,1101,1301,1501,1201,1601,1001,1401,
cat

mouse
801,1001,1001,501,401,901,501,1601,601,901,
cat

mouse
1401,1001,301,1301,301,701,301,1301,1,1001,
cat

mouse
901,801,1301,1301,401,1101,101,1601,601,1001,
cat

mouse
1001,701,1701,301,501,301,601,1101,701,1101,
cat

mouse
1001,1101,801,601,1501,201,1201,801,201,1601,
cat

mouse
1001,1201,1401,1001,1801,1501,501,401,501,1,
cat

mouse
1201,1101,1001,401,801,401,801,301,2301,301,
cat

mouse
401,701,1501,901,1,1,101,601,1401,1501,
cat

mouse
1101,1001,201,1301,401,101,401,401,501,1401,
cat

mouse
1401,901,1,1501,1101,101,401,1301,1601,501,
cat

mouse
1801,1901,301,901,1701,1301,401,401,901,301,
cat

mouse
901,1401,1001,701,1601,1101,901,1901,701,301,
cat

mouse
1501,701,401,1701,201,701,1,401,901,201,
cat

mouse
1401,701,1801,301,301,1701,601,301,401,1101,
cat

mouse
701,1001,1401,1201,201,1701,801,301,1001,1,
cat

mouse
1201,2101,101,1401,1201,401,701,401,1501,301,
cat

mouse
1701,1301,901,1101,301,701,601,201,1501,201,
cat

mouse
901,601,1801,801,901,1301,101,1401,1601,401,
cat

mouse
901,1101,501,1101,301,1401,1501,401,1901,301,
cat

mouse
701,1001,1701,901,801,1601,901,701,1101,1501,
cat

mouse
1101,901,1301,901,1701,1001,1301,1101,1101,1501,
cat

mouse
2501,1701,1301,801,1401,1201,801,1801,601,801,
cat

mouse
1501,1101,1401,1501,901,101,101,1401,601,1001,
cat

mouse
1501,1601,1101,1201,1201,901,2401,1201,1201,201,
cat

mouse
1201,1201,1001,401,1701,201,1301,1001,901,1701,
cat

mouse
601,1401,1301,1301,1501,1201,1,601,501,501,
cat

mouse
601,1001,901,901,601,1701,1501,2101,301,201,
cat

mouse
201,1701,101,1501,701,2101,1301,901,1201,1001,
cat

mouse
701,901,901,1201,2001,501,1801,301,1501,1001,
cat

mouse
1001,1201,1301,1101,701,801,1701,1501,1801,501,
cat

mouse
1401,1001,2201,1801,701,1301,1001,1601,801,201,
cat

mouse
1601,101,1201,901,701,601,701,1601,1201,901,
cat

mouse
1201,901,1201,1501,1101,1201,1601,101,401,1101,
cat

mouse
1001,1501,801,301,1101,1201,1301,1101,1901,801,
cat

mouse
1701,601,1601,801,301,701,201,1101,1,801,
cat

mouse
1701,1501,701,1001,201,501,401,501,1001,1301,
cat

mouse
1101,1301,401,1501,1001,901,201,701,1101,401,
cat

mouse
701,1301,2301,2401,801,801,1101,901,701,601,
cat

mouse
701,1301,1001,1401,1501,1201,201,1401,1701,901,
cat

mouse
1001,701,501,1701,701,1201,1801,101,401,301,
cat

mouse
2001,401,1401,701,901,1401,1301,1001,401,401,
cat

mouse
1601,2201,901,1001,601,301,1401,801,601,801,
cat

mouse
1301,1401,801,1301,901,301,1201,1101,1201,1001,
cat

mouse
2001,1101,1401,1801,1301,701,1301,401,1301,301,
cat

mouse
1501,401,1001,301,901,1801,401,901,2301,1301,
cat

mouse
601,1101,1001,1001,701,701,801,1201,301,601,
cat

mouse
1701,1401,301,701,1201,1401,401,1101,401,101,
cat

mouse
701,401,1001,1301,1001,1601,301,1701,1001,1601,
cat

mouse
701,1201,101,1401,1101,401,1001,1901,501,601,
cat

mouse
1501,1601,901,1001,1501,1101,501,1101,1701,1501,
cat

mouse
801,801,1601,1301,401,1301,1101,701,1001,201,
cat

mouse
1101,701,1501,201,2001,1301,201,1201,501,301,
cat

mouse
401,501,1301,401,1101,401,1601,101,101,1101,
cat

mouse
1001,1501,1101,1401,801,1201,1101,1201,1301,1801,
cat

mouse
2101,901,601,1001,701,401,1401,901,1601,1101,
cat

mouse
1301,901,801,801,901,1801,1201,501,1001,201,
cat

mouse
801,601,1601,1001,601,801,1301,701,301,601,
cat

mouse
1601,601,901,901,1201,1301,501,901,501,201,
cat

mouse
801,1101,201,2001,1001,1201,1601,901,101,1801,
cat

mouse
101,501,1401,401,501,101,301,1801,701,1201,
cat

mouse
1901,1401,1301,1501,401,1201,601,701,1401,1401,
cat

mouse
1001,1001,601,2101,1,1401,901,1001,1401,1001,
cat

mouse
1501,1201,201,901,1301,101,1101,601,701,301,
cat

mouse
1401,1001,801,1201,801,1001,501,801,1201,901,
cat

mouse
1201,1101,301,301,1701,1601,1,1301,1601,1101,
cat

mouse
801,201,301,401,1201,1001,1101,501,1601,1601,
cat

mouse
1601,1801,101,1301,1101,401,301,301,1201,1301,
cat

mouse
1601,1801,701,501,201,801,1401,1601,1501,1501,
cat

mouse
901,601,1501,701,101,901,801,601,101,1901,
cat

mouse
901,801,1301,1401,301,401,801,801,1301,1801,
cat

mouse
1901,1201,1001,1101,701,801,801,801,2001,501,
cat

mouse
501,1201,101,701,1701,1501,1001,1301,1501,101,
cat

mouse
1601,1301,1101,501,1301,1301,901,901,1,2101,
cat

mouse
801,301,1101,1401,201,701,901,401,1901,501,
cat

mouse
1601,701,601,501,401,901,501,1701,401,801,
cat

mouse
901,1501,1101,1501,301,901,501,2201,901,1201,
cat

mouse
1701,1601,1101,701,301,901,1201,901,1301,101,
cat

mouse
701,1401,1101,701,1901,1201,801,801,801,1001,
cat

mouse
701,1301,1301,101,1001,901,501,1001,1601,601,
cat

mouse
501,1001,1401,701,1701,401,201,1501,1101,601,
cat

mouse
401,1001,901,1001,1701,1201,501,901,801,1801,
cat

mouse
1601,1601,1501,1301,601,101,2301,701,1001,201,
cat

mouse
801,401,701,101,801,801,1001,201,2201,1201,
cat

mouse
1101,1101,1701,1401,801,1301,201,1201,1001,1201,
cat

mouse
801,1101,301,401,601,301,1601,601,1701,901,
cat

mouse
801,1101,1401,101,1001,1601,1701,1501,201,801,
cat

mouse
1101,501,1701,1001,1401,201,301,1701,701,1401,
cat

mouse
701,1601,1101,1301,1601,1801,1001,401,1101,801,
cat

mouse
1101,1901,1201,701,901,1501,901,1001,1001,801,
cat

mouse
601,1001,901,1201,801,801,1601,1001,201,1101,
cat

mouse
1801,1301,701,1001,801,301,1401,201,1701,1,
cat

mouse
1201,1201,901,1601,1701,201,401,601,501,1001,
cat

mouse
1301,1401,901,1001,601,501,701,1601,1501,1201,
cat

mouse
1301,701,1501,901,601,1001,101,1301,701,401,
cat

mouse
1001,1401,1001,1101,1301,1001,1301,1501,1101,1001,
cat

mouse
801,1401,701,1601,1901,901,501,801,1001,1101,
cat

mouse
1401,801,1001,1001,1301,801,601,1401,501,901,
cat

mouse
1901,1101,1301,401,501,301,201,1101,1,1101,
cat

mouse
1001,1501,601,501,1201,201,1501,501,801,1601,
cat

mouse
801,501,1001,1801,1201,1001,401,701,101,1601,
cat

mouse
1001,601,401,1101,101,401,301,801,1301,1001,
cat

mouse
301,1601,1201,1001,901,801,501,901,801,1401,
cat

mouse
801,1401,701,1401,301,701,1601,601,101,901,
cat

mouse
201,801,1301,1401,1701,1501,1301,401,101,1101,
cat

mouse
1001,1201,1301,801,301,1701,1201,1801,1701,401,
cat

mouse
201,1901,1301,601,1,1401,1001,1701,701,1301,
cat

mouse
801,1001,1101,2101,1501,1401,801,401,1401,801,
cat

mouse
1201,801,601,1401,201,1201,401,1001,801,901,
cat

mouse
1601,1001,501,201,201,1301,1701,1201,1701,501,
cat

mouse
1501,1401,501,1301,1501,1201,801,1101,2001,1,
cat

mouse
1101,1101,1601,601,801,1101,901,1101,1001,901,
cat

mouse
901,701,1801,501,801,1301,1401,1101,1,501,
cat

mouse
901,601,1301,201,1301,1101,401,301,401,2101,
cat

mouse
1101,801,1001,401,701,1201,501,701,101,2401,
cat

mouse
801,801,901,1201,801,601,501,501,1601,901,
cat

mouse
1301,201,1301,401,401,901,1501,1101,1301,101,
cat

mouse
1201,1101,1301,401,1801,401,1501,201,1201,801,
cat

mouse
1801,401,1,1001,101,201,701,201,401,701,
cat

mouse
401,301,1201,1301,301,701,1401,101,1801,1801,
cat

mouse
601,1101,501,601,1101,1501,101,1901,1,101,
cat

mouse
2101,1801,501,1601,801,201,701,901,1,101,
cat

mouse
1301,901,501,901,201,601,1,201,1101,1901,
cat

mouse
901,801,1301,1101,1301,1701,101,1301,501,301,
cat

mouse
801,1201,801,1501,901,1001,501,1201,1401,401,
cat

mouse
1001,201,1,501,701,901,401,501,1101,401,
cat

mouse
801,901,601,201,1601,401,201,1101,501,601,
cat

mouse
1901,1001,801,601,401,701,501,1001,1001,1301,
cat

mouse
501,101,1001,1301,701,401,1101,1101,1301,301,
cat

mouse
601,1801,1401,1001,401,1801,301,301,1001,1601,
cat

mouse
701,1701,701,901,1801,1901,601,101,201,501,
cat

mouse
1301,701,801,1101,401,1201,301,301,501,701,
cat

mouse
1001,1201,701,101,501,301,701,1801,401,1301,
cat

mouse
1501,1301,201,301,501,601,501,501,101,701,
cat

mouse
501,701,1001,301,901,1501,1301,401,1301,501,
cat

mouse
1201,1001,101,1301,801,1301,501,101,701,801,
cat

mouse
901,1401,401,501,501,401,1101,301,1,1501,
cat

mouse
501,1401,1801,301,601,201,201,201,1201,201,
cat

mouse
1501,1901,1901,901,1001,101,401,301,501,901,
cat

mouse
2201,1701,501,1,201,1201,101,1101,1401,1,
cat

mouse
1001,1301,301,201,301,1,401,1,601,2001,
cat

mouse
801,901,201,301,901,801,1301,201,301,401,
cat

mouse
1501,1201,1001,301,1,401,1101,1,401,201,
cat

mouse
601,801,1,201,301,101,1201,301,301,1001,
cat

mouse
801,1701,1401,601,201,201,301,201,101,1,
cat

mouse
1001,1201,101,401,201,301,401,901,301,101,
cat

mouse
801,301,1401,301,1,1,201,1,1,301,
cat

mouse
901,701,101,501,601,1101,701,201,201,301,
cat

mouse
1201,901,301,1,201,101,201,101,101,201,
cat

mouse
701,1,1,201,701,501,101,201,101,101,
cat

mouse
1,101,1,1,1,1,201,101,101,1,
cat

mouse
201,101,201,1301,401,301,101,101,101,301,
cat

mouse
901,501,601,101,1,101,901,501,201,201,
cat

mouse
801,201,1101,1,1,501,201,1201,201,301,
cat

mouse
901,1301,901,801,101,1101,401,501,1101,601,
cat

mouse
1001,701,1801,1,501,701,801,501,701,101,
cat

mouse
701,901,301,901,1101,901,1301,601,1201,1001,
cat

mouse
1001,1101,301,1301,1501,1401,101,601,1501,801,
cat

mouse
901,1001,701,301,401,601,1101,901,101,601,
cat

mouse
701,1501,1,1101,1001,1,401,1,301,1401,
cat

mouse
1801,1301,201,801,601,1301,1,1101,801,701,
cat

mouse
1301,1001,501,1201,1001,201,601,1101,401,601,
cat

mouse
1201,1101,1001,701,301,501,501,1301,601,301,
cat

mouse
1301,1201,801,1801,1301,501,501,501,1001,701,
cat

mouse
1401,1701,301,601,1101,201,501,101,101,1901,
cat

mouse
1701,1801,101,101,301,1101,1601,701,301,201,
cat

mouse
1001,401,1401,1601,101,1401,801,901,1,601,
cat

mouse
1201,601,201,401,1101,1801,901,901,901,1201,
cat

mouse
1601,1701,1001,1501,1001,501,601,601,1401,701,
cat

mouse
1101,1101,1001,1201,401,601,401,701,1201,1601,
cat

mouse
501,1201,401,401,1001,1601,501,2501,601,1201,
cat

mouse
1801,901,301,1701,201,501,101,1301,1401,901,
cat

mouse
1601,601,1801,1101,201,901,1401,1501,601,101,
cat

mouse
1201,1401,1401,801,1301,1101,601,1001,701,201,
cat

mouse
1801,1501,901,401,601,601,1601,601,801,1101,
cat

mouse
1201,2001,1001,101,101,1,1601,301,501,1201,
cat

mouse
1701,701,1401,401,301,901,901,401,1,501,
cat

mouse
1601,501,101,101,501,501,1301,1501,301,1,
cat

mouse
601,601,1101,1,401,1301,301,701,201,1301,
cat

mouse
1301,1501,201,901,1501,301,1101,701,801,701,
cat

mouse
1901,1601,1,1101,1,101,101,1401,1301,301,
cat

mouse
701,1101,201,201,1501,901,1701,2101,1201,1,
cat

mouse
1101,1101,1801,1301,101,301,201,301,1501,1201,
cat

mouse
1301,1601,901,1601,101,1401,1101,701,1201,201,
cat

mouse
801,1701,1901,2001,1201,801,801,201,701,601,
cat

mouse
1601,901,1201,1201,101,1601,1501,1201,2001,1001,
cat

mouse
1801,601,601,1301,801,901,1101,1301,401,1101,
cat

mouse
701,2001,301,1301,701,1501,1801,1301,1401,801,
cat

mouse
1601,1101,2201,201,201,901,901,1601,901,101,
cat

mouse
1001,1001,501,1,601,2901,201,1001,801,801,
cat

mouse
1201,1401,1201,1001,1,201,1701,1301,1401,501,
cat

mouse
1201,901,601,401,1701,1701,1501,201,1101,1301,
cat

mouse
501,401,101,1301,701,301,901,1501,1401,701,
cat

mouse
201,101,701,701,901,501,901,1601,301,201,
cat

mouse
1501,1301,1801,201,901,1301,801,901,601,901,
cat

mouse
1301,901,1201,201,601,201,1701,301,1401,1101,
cat

mouse
1101,1101,401,1401,1001,1001,301,1301,1701,1501,
cat

mouse
1001,1401,401,1901,101,901,1001,1301,301,701,
cat

mouse
1301,1001,301,801,901,1001,201,401,801,301,
cat

mouse
401,601,1301,1401,201,501,901,1001,801,1301,
cat

mouse
1201,2001,1,901,1,1501,701,801,901,1201,
cat

mouse
801,2301,201,1501,501,1301,201,1101,701,901,
cat

mouse
1401,701,401,1401,2001,1101,701,1001,1,501,
cat

mouse
401,1201,301,601,801,601,301,2101,201,1001,
cat

mouse
1401,901,701,601,401,1401,1501,101,801,1001,
cat

mouse
1601,501,301,601,201,1701,101,301,2001,1601,
cat

mouse
1701,901,1701,801,1101,1,701,1501,501,2001,
cat

mouse
801,1701,1101,1401,601,801,101,1201,1501,401,
cat

mouse
1701,1301,401,1101,1501,601,1101,201,1001,2101,
cat

mouse
1401,901,501,1901,901,401,1201,1401,901,1101,
cat

mouse
701,601,1601,1401,701,1901,1001,1001,1301,1101,
cat

mouse
1701,1301,901,1501,1,1901,1101,1201,1101,1301,
cat

mouse
501,701,1401,1001,1101,1201,1801,1001,901,801,
cat

mouse
1301,1501,1201,1801,1301,401,601,1301,2101,1001,
cat

mouse
901,1001,801,1601,1101,1201,901,2001,101,1801,
cat

mouse
1001,901,1701,1301,1601,1001,801,1201,901,1201,
cat

mouse
1501,801,1701,1201,701,1001,701,101,1101,701,
cat

mouse
1101,1201,1101,1301,801,2301,601,2201,1201,1601,
cat

mouse
1301,1201,1101,801,1901,2001,601,801,601,501,
cat

mouse
601,1201,1201,201,501,1201,1301,1201,901,601,
cat

mouse
601,901,901,1301,1701,1201,1401,1201,901,901,
cat

mouse
901,901,1501,901,1601,1601,401,1101,1901,1201,
cat

mouse
501,1101,801,2001,301,501,801,1601,801,301,
cat

mouse
1501,1801,1401,1501,1701,801,701,1401,801,501,
cat

mouse
1301,1301,201,1201,801,1201,401,1101,1501,1501,
cat

mouse
601,901,1401,701,601,801,201,1201,1001,2001,
cat

mouse
1101,701,1501,1301,101,701,1301,401,1401,1701,
cat

mouse
1501,2301,801,501,1001,1701,801,801,1201,401,
cat

mouse
201,1401,1401,1701,601,401,1201,801,1301,1101,
cat

mouse
1801,901,1001,301,801,1401,701,901,801,801,
cat

mouse
501,901,1301,301,901,1501,901,1001,301,1501,
cat

mouse
1301,601,2201,1001,1301,801,1101,1501,1201,1201,
cat

mouse
1001,1401,1501,1201,1001,1401,1701,1201,801,801,
cat

mouse
1001,1901,1301,301,601,801,501,401,801,1501,
cat

mouse
1101,1201,1201,701,701,201,1601,901,901,601,
cat

mouse
1701,601,1201,401,201,1101,1001,901,801,501,
cat

mouse
1001,1101,1201,501,601,1001,701,1201,1201,501,
cat

mouse
1601,1101,501,1001,1301,201,601,1001,1401,1201,
cat

mouse
801,1201,801,1201,1401,701,1301,701,701,1201,
cat

mouse
601,801,701,1401,801,701,1901,501,901,1101,
cat

mouse
1101,801,1601,1901,901,501,301,101,1001,301,
cat

mouse
1901,1201,901,1901,601,1001,501,801,701,901,
cat

mouse
801,1101,1501,401,701,701,701,201,1101,501,
cat

mouse
1201,601,101,1401,901,901,1001,801,1301,1001,
cat

mouse
1001,1801,1301,701,1601,1001,1001,1801,701,1201,
cat

mouse
1001,1001,301,301,501,701,1001,1501,901,701,
cat

mouse
301,1701,1201,1001,101,1101,1601,1801,1301,1301,
cat

mouse
1001,1001,601,1101,601,1701,401,801,1501,201,
cat

mouse
1101,1801,1301,601,601,1301,1001,301,101,1201,
cat

mouse
2001,801,901,901,1801,501,201,501,1101,1301,
cat

mouse
1901,1301,501,1201,601,701,501,701,701,801,
cat

mouse
1201,1601,801,601,1101,1701,501,1501,1601,1001,
cat

mouse
601,901,1001,2201,401,1301,1301,801,1401,1101,
cat

mouse
1501,501,701,301,1201,1101,801,501,701,801,
cat

mouse
801,1201,701,1101,301,401,601,601,1201,1601,
cat

mouse
1001,601,901,301,901,2201,1,901,101,101,
cat

mouse
1001,901,901,701,701,1,1101,901,801,101,
cat

mouse
901,1201,701,101,901,701,1601,501,1201,201,
cat

mouse
1001,601,1201,101,201,1001,201,1201,401,1501,
cat

mouse
1301,901,1101,601,701,1301,101,901,201,1801,
cat

mouse
2601,1001,1301,1601,201,101,1301,201,901,1801,
cat

mouse
1801,1301,701,301,1801,501,701,201,1801,801,
cat

mouse
2101,1001,1601,601,101,601,401,601,1501,1001,
cat

mouse
901,1001,1001,501,1101,1601,101,201,401,1401,
cat

mouse
1001,1301,1601,2101,701,1501,1201,1201,101,101,
cat

mouse
901,1401,1001,1101,501,1301,801,701,201,1101,
cat

mouse
901,1201,1001,1401,601,901,1101,701,1501,1401,
cat

mouse
1101,801,2001,1501,1001,1201,901,1101,801,101,
cat

mouse
801,1001,1201,1301,801,1001,1701,401,2301,1201,
cat

mouse
701,1601,501,1401,1501,901,1801,701,1101,701,
cat

mouse
1401,801,501,1501,601,901,1401,601,2201,301,
cat

mouse
1101,1301,701,301,101,1701,601,1301,401,1901,
cat

mouse
1301,801,901,1201,501,1901,501,1,1101,1301,
cat

mouse
1101,1401,701,801,701,2001,801,1401,801,101,
cat

mouse
1,1601,1201,701,1201,401,2101,501,601,1201,
cat

mouse
1401,1101,301,1301,601,1201,701,701,1201,501,
cat

mouse
1101,1201,1201,1301,1601,901,801,1301,101,701,
cat

mouse
1201,501,1101,1,1601,1001,201,1401,901,1001,
cat

mouse
401,1501,701,1401,1501,701,301,1401,1701,1001,
cat

mouse
1401,401,1401,2101,1401,801,701,1101,1,501,
cat

mouse
2201,601,301,801,1401,901,1201,401,201,1301,
cat

mouse
1301,801,1501,1301,901,1601,1801,801,501,401,
cat

mouse
1901,501,1001,101,701,2001,1201,501,801,1301,
cat

mouse
1401,1201,1601,1401,601,701,1001,601,1201,501,
cat

mouse
1601,1001,801,1101,801,1001,801,601,601,1201,
cat

mouse
1301,1201,401,201,801,401,1601,1101,1101,1001,
cat

mouse
1201,701,301,101,1201,1401,401,1101,1101,701,
cat

mouse
601,1001,1001,1301,301,1001,501,301,1201,1101,
cat

mouse
1401,901,1001,501,1001,1201,301,501,1101,701,
cat

mouse
1401,701,2401,901,201,901,101,801,601,1101,
cat

mouse
1,2201,201,1,901,1301,901,1001,1001,901,
cat

mouse
1301,1301,1301,1201,701,1401,401,1201,1301,1001,
cat

mouse
1501,1301,901,901,701,401,801,801,1501,101,
cat

mouse
1101,1801,901,201,201,1501,601,1401,1301,1801,
cat

mouse
1001,401,1601,101,1401,501,601,101,1601,1001,
cat

mouse
601,1501,901,1,1201,1001,1801,1201,701,1001,
cat

mouse
1401,901,101,1301,1801,401,701,1001,801,901,
cat

mouse
1601,501,1201,1201,1101,1001,601,1801,401,601,
cat

