mouse
301,401,201,501,301,401,101,1,801,401,
cat

mouse
501,601,301,201,401,201,101,1,301,501,
cat

mouse
1,301,201,301,101,101,1,201,101,1,
cat

mouse
601,101,501,1,1,401,301,501,601,101,
cat

mouse
701,401,501,101,501,201,401,201,501,201,
cat

mouse
601,401,601,1,401,701,101,101,201,101,
cat

mouse
901,801,401,301,101,401,1,801,401,701,
cat

mouse
201,301,201,1001,301,401,301,701,1101,301,
cat

mouse
1401,801,201,501,401,901,901,601,1001,101,
cat

mouse
1201,301,501,501,201,401,901,201,1001,301,
cat

mouse
501,501,701,301,1,401,401,201,201,301,
cat

mouse
701,1101,901,1001,1,301,301,601,401,401,
cat

mouse
1301,801,101,201,601,501,101,1,201,301,
cat

mouse
601,401,401,801,101,701,201,401,1,601,
cat

mouse
901,801,401,301,401,1,201,501,401,201,
cat

mouse
401,601,301,501,501,501,701,401,701,701,
cat

mouse
601,101,301,201,401,1,401,301,901,101,
cat

mouse
1001,301,301,401,301,501,301,301,301,101,
cat

mouse
601,601,101,501,301,1101,201,101,1,901,
cat

mouse
901,701,401,101,201,101,1201,501,801,1601,
cat

mouse
901,501,201,101,601,1101,601,701,501,201,
cat

mouse
601,501,301,201,301,201,1201,301,501,401,
cat

mouse
1201,401,101,301,301,301,801,601,1101,301,
cat

mouse
1001,301,201,501,101,101,401,201,501,101,
cat

mouse
801,1,101,401,201,801,501,501,101,401,
cat

mouse
201,201,201,101,1,1,101,201,301,801,
cat

mouse
701,101,901,1,201,401,601,1,601,601,
cat

mouse
501,201,1201,101,101,401,501,101,501,701,
cat

mouse
501,1201,401,1,301,1,101,1,201,101,
cat

mouse
1301,501,301,301,401,1,101,1,701,201,
cat

mouse
1201,301,301,501,801,101,201,1,1001,301,
cat

mouse
801,801,601,1,1,401,201,401,901,401,
cat

mouse
801,201,1001,1301,201,1,201,501,601,1,
cat

mouse
1401,901,201,201,801,301,301,601,101,1,
cat

mouse
701,801,101,301,201,101,201,401,501,1,
cat

mouse
301,501,601,601,401,201,201,301,1,301,
cat

mouse
301,901,701,1,401,301,301,201,401,101,
cat

mouse
401,501,401,201,201,301,201,1,301,201,
cat

mouse
601,401,1,1,301,401,1,101,1,201,
cat

mouse
401,1,601,301,301,401,401,1,1,601,
cat

mouse
101,101,401,201,301,1,201,501,1,1,
cat

mouse
101,201,201,101,201,201,1,101,101,101,
cat

mouse
301,301,401,301,401,701,601,401,301,301,
cat

mouse
101,501,201,301,401,1,201,201,1101,201,
cat

mouse
201,301,1,201,101,501,301,1,301,101,
cat

mouse
401,701,1,201,201,201,201,101,1301,201,
cat

mouse
901,601,101,501,501,201,1,501,201,201,
cat

mouse
201,401,201,201,401,701,501,1001,201,801,
cat

mouse
301,201,101,1,1,101,101,201,501,401,
cat

mouse
101,101,101,601,901,101,101,101,101,201,
cat

mouse
601,401,701,701,701,101,101,501,101,601,
cat

mouse
501,601,1,401,501,301,301,701,201,101,
cat

mouse
201,1,401,301,401,301,201,1,1,401,
cat

mouse
301,801,301,201,401,201,101,301,301,1,
cat

mouse
201,201,901,101,201,601,1101,201,401,1,
cat

mouse
501,1101,401,501,1,601,1,201,101,301,
cat

mouse
601,401,1,401,801,201,201,601,401,501,
cat

mouse
601,101,1,401,401,401,501,701,401,301,
cat

mouse
501,201,1101,1,401,101,1,201,601,101,
cat

mouse
701,501,801,301,201,501,301,301,1001,201,
cat

mouse
901,801,501,701,701,301,401,601,301,101,
cat

mouse
701,401,1,1201,201,201,501,101,701,101,
cat

mouse
1001,601,601,401,401,401,501,201,1001,301,
cat

mouse
401,401,101,201,301,301,101,1,301,201,
cat

mouse
401,201,201,901,501,201,601,201,301,101,
cat

mouse
201,501,301,101,201,801,201,101,201,601,
cat

mouse
1,201,301,201,101,1,301,301,601,1101,
cat

mouse
501,201,201,101,601,201,101,701,1,401,
cat

mouse
301,701,301,701,501,601,401,701,1001,401,
cat

mouse
901,501,501,201,101,401,301,401,201,901,
cat

mouse
701,301,101,801,901,201,1,401,401,101,
cat

mouse
601,601,401,501,301,201,1101,301,1,201,
cat

mouse
201,401,801,601,201,101,301,1,1,1,
cat

mouse
901,101,701,1001,601,1101,301,401,301,301,
cat

mouse
301,601,401,201,1,301,301,1,301,201,
cat

mouse
201,401,401,101,301,601,101,1,401,201,
cat

mouse
801,301,101,701,401,101,301,501,801,301,
cat

mouse
801,301,101,201,301,301,201,701,701,701,
cat

mouse
601,601,1,501,501,601,301,301,701,601,
cat

mouse
201,501,301,301,201,301,301,701,1,101,
cat

mouse
701,701,501,101,1001,101,301,1,1,301,
cat

mouse
301,901,1,301,401,1201,201,401,501,601,
cat

mouse
1101,1001,1,101,401,301,401,201,301,1,
cat

mouse
901,301,301,101,301,1,501,201,301,201,
cat

mouse
301,501,501,1,401,601,701,701,301,501,
cat

mouse
201,1001,501,101,201,401,501,1,201,1,
cat

mouse
1,301,1,101,1,1,101,401,1,401,
cat

mouse
401,101,1,201,301,1,1,801,401,201,
cat

mouse
801,201,301,101,1,1101,701,1101,601,101,
cat

mouse
801,701,1401,301,801,501,401,101,101,201,
cat

mouse
401,201,101,401,201,1,601,701,1,1101,
cat

mouse
801,1,401,901,1,301,201,201,501,301,
cat

mouse
801,501,101,601,1,101,101,101,601,1,
cat

mouse
601,501,401,501,501,201,701,101,401,101,
cat

mouse
801,301,401,401,301,701,801,201,301,501,
cat

mouse
601,801,101,401,201,301,801,901,701,101,
cat

mouse
501,401,701,401,501,201,301,901,1,201,
cat

mouse
901,501,101,1,1,101,401,1,501,1,
cat

mouse
601,601,401,101,201,301,1,901,1,301,
cat

