2301,101,1,-799,1601,1401,801,801,201,301,1101,1901,-899,-199,801,-499,-99,-299,401,701,
1601,2201,1801,2101,1901,2301,1901,1801,1401,1701,
1101,1801,1201,-1199,601,301,201,1,-399,101,301,1201,301,901,-299,-399,801,2601,801,601,
1901,2201,1801,1101,2301,2401,2101,3801,901,2901,
4201,1301,901,1001,-99,101,901,101,801,-599,101,801,701,-1199,1901,601,201,401,1501,-399,
2701,3201,1601,1001,901,2601,2401,1901,1401,1101,
801,-299,2101,701,1001,1701,-1199,101,2701,-299,-1199,301,1601,-999,1001,101,2401,-299,101,501,
3501,3901,1101,1401,1501,2301,2401,3001,3401,4301,
4101,1701,-599,1201,-99,1601,801,-799,301,2201,1301,3301,601,2401,201,2601,2601,401,2601,2101,
4901,3001,1701,1401,201,801,401,1801,1101,2201,
2301,1301,1601,401,1101,1901,1101,1201,2201,1201,301,-99,1101,2701,1701,1101,1101,1,-299,1001,
3301,2401,801,1201,2401,1201,801,901,2101,1201,
1801,1401,-699,1,1501,701,401,101,401,-99,-99,-199,-199,1401,-99,-1199,201,201,501,1601,
2201,3001,2101,1901,4501,801,2201,2001,1401,3001,
1501,601,401,1901,-99,2701,1,101,-899,1101,-999,2001,-1299,1201,301,601,301,301,301,1801,
4501,1901,1701,2601,2001,2501,1601,1901,2301,1401,
2301,1001,601,1401,-1199,-99,101,201,101,1601,2001,1101,2101,1401,501,1701,501,1,1,801,
2701,1101,1501,901,2501,1501,1401,1201,2101,1001,
1701,401,501,-99,-1199,1201,-299,601,3501,2601,-399,401,1001,-99,1201,1801,-599,2401,601,1601,
1801,2501,1501,1201,1501,601,1801,1501,1001,901,
2501,2001,-1099,1501,1801,501,-599,-499,-999,901,-799,301,1301,601,-399,301,1001,-699,1201,1601,
2101,2601,2801,2901,1901,1101,2701,1801,6101,1701,
1101,1801,1101,1401,2801,1901,2001,-99,301,1101,-199,-199,-99,1201,-499,201,-599,101,1301,-399,
5401,1801,1001,901,1601,1101,1401,2601,901,901,
2101,1301,-399,-999,1101,501,3201,1401,601,801,101,-699,301,1201,101,2001,1001,3701,101,801,
2301,1901,2201,1001,4101,301,1901,801,1501,1201,
3001,1901,1,2401,1201,601,-699,-2199,-499,1501,601,801,201,-1099,301,301,-899,-499,801,-199,
5801,2301,3301,2701,2901,2301,1601,2901,2501,2001,
2001,2001,201,1201,-199,701,-299,1401,1601,401,1901,301,1001,501,801,1401,2101,301,-199,1,
3101,1501,1801,1601,2901,801,2201,901,1901,2501,
2201,2201,1301,801,1401,501,201,2101,801,-299,-99,-199,1401,1,601,-699,101,1201,701,601,
501,1901,2501,1701,601,1401,1701,2201,1901,3001,
2501,2201,1401,901,-699,-399,801,1,301,701,1601,1501,-299,-299,1901,1201,201,1201,1701,401,
2501,1601,1501,2101,3101,2201,3101,701,2201,1201,
1601,1101,201,901,1301,101,101,901,1401,2201,1601,-99,-1199,801,2101,1501,101,1801,401,1101,
2601,2001,1401,2501,1001,1301,1801,1301,1601,2101,
2001,801,2001,701,601,601,1501,1301,701,-99,801,601,601,1301,401,2001,-399,1101,-199,101,
1801,1101,2201,2201,2001,1701,1701,2001,1301,1401,
2401,1101,901,1701,-599,801,1601,-1499,201,301,401,401,-699,1,-399,301,-199,1601,1,-199,
2101,1801,801,1801,2401,2801,2401,2101,3801,3601,
1601,501,-399,-99,-99,1501,801,301,-1099,4101,1701,-99,-599,1,1601,-499,601,-699,1301,-199,
3501,3101,2901,2501,2001,1501,901,2101,1401,901,
2201,101,1301,1,101,301,201,2801,2601,301,1,101,401,1,501,1401,401,-499,1201,-399,
2901,2501,1501,1401,901,2501,1701,3201,1401,1501,
3001,1301,-1799,-99,401,-599,-1399,-199,1501,3301,1501,901,501,201,-1099,1001,501,-299,-999,601,
4101,4001,2601,4001,2701,1601,901,2001,901,2201,
2201,2101,-399,1701,1801,301,1101,4701,1001,-599,-399,501,1301,-199,501,1201,1001,201,1001,3201,
3701,2901,1401,701,1701,1101,1801,2101,2401,1301,
4401,4201,1701,201,1,2201,1701,2401,901,1101,1501,1701,401,801,1,301,2901,301,901,1701,
1901,401,1501,1501,1301,1301,1201,801,1801,1701,
3301,1801,201,2101,1401,-1499,1201,-399,1301,1101,101,-1099,1601,801,-199,501,-499,101,-599,1001,
2001,1301,1701,3701,2201,2801,701,2201,1501,1801,
1901,3901,1,-99,-199,1501,1801,501,201,701,-399,501,1901,-299,2401,1,601,-99,-499,2601,
4601,2901,1301,2401,2301,2801,5001,801,1801,301,
1001,2801,-699,1301,-199,201,901,801,1701,2001,-1099,-299,-299,1,1001,701,1901,2001,801,1701,
4101,1001,3001,1501,1301,4501,2101,3901,701,1801,
2001,1601,-799,701,601,401,601,601,101,101,1,1001,1,2201,401,301,-1199,201,1,-199,
2601,1701,2601,1001,1301,401,2101,1701,1701,1101,
1401,1901,-399,1,901,-799,-1099,-499,101,801,-599,801,-699,1701,-899,201,2201,601,-99,-99,
2201,3901,2501,2701,1501,1301,2301,3501,401,2301,
901,2301,-799,401,601,2101,1601,-999,1801,1,2101,-99,1001,1301,501,2001,201,1701,1601,201,
2801,3001,501,1501,1301,1301,2901,701,2301,1301,
2701,901,-899,4601,-1099,401,701,-399,201,1101,-199,-99,-399,201,201,1001,-2199,501,-299,101,
2601,2601,2301,2101,3001,2301,2701,4101,3101,1701,
3001,1001,2201,1601,901,-299,301,1,-499,-799,901,1901,601,-199,201,2001,-899,901,1601,701,
3901,2301,4001,1501,1801,1401,2301,1901,3901,2201,
2101,1301,-799,-99,701,1701,-299,1301,601,1301,1101,-99,401,2701,1001,1601,501,1301,1801,901,
2801,2501,1401,2101,4001,1801,2701,1201,2201,1901,
2401,2701,1801,-99,601,-1199,1001,101,-699,1001,1501,901,1301,301,-899,-399,1401,401,1001,1701,
3801,2201,2001,2301,1201,2301,2601,2201,1701,1901,
1301,101,-899,-699,101,-399,501,3201,1001,-299,701,-399,301,701,1601,-799,-199,-299,1001,701,
2601,1301,2101,1701,2301,1101,2601,901,3701,3701,
1401,2001,2301,601,1401,401,401,3001,701,501,301,201,-299,1501,701,1201,701,201,-199,-99,
2101,2601,2501,1301,2401,2201,2101,1401,1301,2801,
2901,1801,-2299,1101,1101,-1699,1701,-399,2301,201,-299,-1099,601,701,1901,1001,2201,-399,-399,-199,
5501,2801,2201,3501,3301,2301,2601,1201,3101,1601,
2001,2501,1001,1901,601,1401,901,-499,1001,-299,-399,2401,-499,-499,501,1201,3001,-499,601,-1099,
3401,1601,1901,1501,3501,3101,1801,2101,1401,2701,
701,1401,-99,301,-299,-1299,2001,1,501,1601,2601,2701,401,801,1,4101,-99,1,301,-499,
3301,2901,1501,1201,2301,2601,701,1901,2501,2201,
5801,701,601,1201,-99,1101,-299,1701,1501,901,1501,2101,-499,1401,3001,2001,2501,2601,-399,901,
2501,2001,1901,1901,2101,1401,1801,1701,901,401,
2801,2101,3201,1901,101,1801,101,1201,601,1501,501,601,901,301,1101,201,4301,1701,-399,501,
1601,1601,1501,2501,1701,1901,1801,1801,1801,801,
3701,1801,2401,1001,801,4901,2401,1601,1701,901,-99,701,2001,-99,1101,901,1901,3001,3801,3401,
2101,1901,2401,2201,1701,901,1901,1301,2001,401,
2701,3501,701,1201,4501,1201,2101,3201,2601,2801,-299,301,901,-99,1101,1401,3601,2601,3801,1901,
2401,901,2401,1201,901,2001,2501,2601,901,1201,
4101,2401,301,2001,-199,401,1701,1701,201,3701,2001,301,1201,101,1901,2001,-799,-399,3801,601,
3001,2701,3401,1601,2001,1901,3801,1001,1901,1801,
4801,3001,-299,1001,1201,301,1,701,1701,2301,1401,1,301,601,2301,901,1201,401,801,-999,
1501,2701,2501,2301,1101,1701,1401,3801,2001,2501,
3501,3301,5701,101,2001,-699,701,5501,1101,-499,801,901,1201,201,1201,1701,801,1101,3801,2801,
3201,2001,2501,1701,1701,1101,2001,1301,2401,1801,
2501,4501,3401,201,1001,1001,1101,501,-99,1801,501,2001,2301,2901,601,601,701,-299,-399,2201,
3001,2201,901,2801,1901,701,1501,3401,1501,2001,
3901,2201,2501,3101,401,2001,2701,1401,1301,5601,901,2301,1001,2301,2901,201,1801,3101,2901,1901,
1501,2701,3801,501,2801,601,2901,3401,2801,1501,
6101,3301,1901,4001,-99,1201,1601,1,3401,3701,-299,1101,701,-99,701,1,1601,2601,2801,301,
3401,2401,2601,1501,1601,1501,701,1901,3301,901,
2301,1901,401,2301,2401,3101,1101,3401,4201,1501,601,101,1,3501,-399,501,401,2401,1001,1601,
3101,2001,801,4201,2901,1001,4001,1301,1801,2401,
2801,4101,1001,2601,2601,801,3001,301,1201,1201,-499,2601,1901,1801,2801,1001,401,-199,4401,301,
1801,3801,1701,2201,901,2401,2801,1401,2401,1701,
3901,2101,2901,2501,3301,2201,3301,3701,101,2101,2401,2001,2301,2801,-99,2001,2001,1001,1101,2601,
3901,3501,3601,1201,1001,1901,2101,901,1401,1301,
3901,2801,1701,2501,3301,6301,501,1101,1301,801,601,1301,701,2301,-1299,3401,2901,2801,301,401,
2501,3101,1801,1401,2101,1501,2901,2301,901,601,
3801,3501,3401,3601,1701,2701,4101,301,1301,101,-99,-599,1701,1401,1001,2501,2301,701,501,801,
2601,2601,901,1001,2301,1601,3301,2701,2201,1901,
3201,2601,2101,1001,4801,2101,5401,4001,601,2001,3101,-99,1201,3001,1001,-499,1601,2101,3201,1501,
2401,3501,1301,1301,2501,1301,3901,2301,901,2901,
4401,3201,601,3201,-2599,2001,1701,2301,601,4301,801,1401,2501,-199,1101,5201,1201,401,1801,901,
3201,3401,1001,2601,2001,1101,1901,2301,2701,2401,
4601,4501,1301,3501,201,1301,601,701,3301,701,-2199,4901,901,1601,201,901,1401,3501,2001,3401,
2101,3201,701,3401,2301,2501,3301,1701,3801,2501,
3001,3201,1501,1601,2801,701,101,701,601,501,401,801,801,2201,1901,2401,2501,1901,1301,901,
3101,2701,2101,3001,2701,3501,1901,2101,2201,2701,
4601,1601,2501,2701,601,1201,1,901,-299,2101,201,1401,-99,701,901,401,701,1201,201,1001,
1701,4101,2401,1801,1001,5201,1101,1501,2801,2001,
3101,1901,101,1401,701,501,401,2301,1301,1701,1501,901,1501,1701,3201,3401,-399,601,701,3201,
4701,4601,1401,1401,2601,1401,3801,2601,2301,1801,
3201,3301,-599,3501,2401,1301,1701,2901,2701,-299,1601,2601,2501,2701,601,1601,-599,1601,301,3801,
3401,2601,1201,1101,3501,2801,2801,1701,1601,601,
1301,3201,2201,2601,3001,2301,501,3301,1901,2901,-599,2101,3301,1401,2501,1301,3501,1501,2501,3001,
3901,4201,2601,901,2701,1801,601,901,2201,1101,
3701,3301,2101,1801,1201,101,801,1501,2001,1,2301,2101,601,4201,2101,2901,1801,2701,2301,1901,
3401,1401,1501,1101,1701,1801,401,2101,2501,2501,
1001,2801,1601,1001,1601,-1099,1601,1101,1601,2001,901,-599,3001,-699,3501,-699,701,801,2101,1001,
2301,2201,1501,1701,3201,2101,2301,2001,2501,2201,
2901,1501,1501,1301,801,1001,3001,5201,701,601,-199,301,901,1301,4001,2001,1201,1301,201,-499,
3101,2601,1501,1301,1001,1401,1101,2501,3901,1401,
3801,3301,301,1101,701,1501,1201,1801,401,4801,501,1201,201,1701,-1499,901,1701,3401,3501,201,
3601,2301,1401,1001,1101,2701,1201,901,1001,1901,
4501,4201,801,1301,3701,2001,2701,1301,3901,701,-699,1901,1601,901,201,501,1,401,1601,2601,
1401,1701,801,2001,2901,901,2101,1301,2301,1201,
3401,2501,1801,1801,101,1001,601,-299,1801,-199,1101,401,3901,401,-1399,1001,3601,2001,-499,2101,
2601,1401,1301,1201,1701,401,1501,1701,4201,4001,
2901,4101,401,201,1101,2901,401,2801,3201,501,201,501,101,1001,2201,901,2201,801,901,1401,
3501,3001,701,3101,1401,801,2601,701,1501,1001,
2201,3301,2501,-199,1201,1401,2001,2401,401,1201,901,601,1601,4201,201,101,1,-599,401,101,
2301,4501,3001,1201,801,1301,1001,2601,2001,2601,
3501,1701,1901,1901,701,2501,-199,1801,701,-99,1601,1001,501,-1199,301,901,-999,1201,1301,3301,
3901,2301,2001,501,2001,1501,1301,1001,2701,2001,
2501,2101,-99,1401,1001,2101,2701,901,1601,601,801,201,3601,701,401,101,801,1501,201,-1299,
3401,2701,901,2401,1701,2101,501,2101,1801,1601,
2901,1701,-299,401,1801,2601,701,3701,401,1301,1601,2101,2701,2701,601,1501,1701,1101,2101,1001,
1901,1501,1901,1001,701,1401,1501,2301,1001,1301,
2901,2301,701,2401,2601,1601,901,1401,1301,3601,801,3401,1801,901,-299,1601,601,901,-199,-99,
1201,3101,601,2401,1301,1301,1601,1201,1701,601,
2201,3701,2401,-1299,-799,-699,3101,-99,901,2701,1001,601,901,3001,401,501,2101,2401,301,-99,
2401,2401,1201,3101,2201,1501,1201,2201,1001,1801,
3101,3501,1401,201,3001,901,801,-599,1,801,2801,1301,2601,1601,901,2201,3001,1401,401,-99,
1901,3501,2301,1501,1801,1101,1901,3201,1901,2201,
3801,3401,1401,601,3001,401,3001,1701,2601,501,1301,801,201,1501,4301,401,1901,1001,2201,2801,
3101,1801,1501,1601,1101,1601,1401,1401,901,1001,
5501,3701,2001,1901,901,2501,1301,1701,-1299,1401,701,1301,501,701,1201,1201,301,1701,201,601,
3301,1001,1601,1701,2001,1001,1601,1401,1201,2801,
2601,1701,501,3801,1801,501,601,1601,2301,601,2701,1701,701,501,501,3701,1001,401,2001,201,
1501,701,2601,601,901,1101,1101,801,1601,2501,
5001,4101,1,1,901,2501,201,2101,101,3701,1101,701,1901,1901,1001,3401,3101,801,2301,1401,
1901,1601,1601,2601,2001,1901,2301,601,1101,3001,
4001,3801,501,101,1101,1701,4601,2001,3301,1501,-1299,1001,1501,2201,801,-199,2201,501,1,2001,
1401,1901,2401,1701,2601,501,2301,1001,1101,1201,
3401,5201,1501,1601,1,101,1101,201,801,-199,1201,2201,1201,1601,301,2501,3501,1101,3901,2901,
2401,2001,1701,1001,2001,501,2001,1101,1401,1701,
4301,3301,1601,-99,1401,1101,1501,-499,201,1,1,801,3201,1701,-599,801,801,2401,-199,-399,
2101,2401,1901,1901,1501,2001,1401,1401,1101,1501,
3301,1101,901,1101,2201,2701,2301,901,-1299,2101,1901,3201,401,501,-299,1401,1601,1001,1001,1301,
2301,3001,1901,1701,1801,2101,3101,901,701,1101,
1501,3201,701,1701,201,1,-99,2701,1401,801,1901,1001,3001,1501,701,1201,801,1,-799,1,
3801,2201,1901,2601,1201,2601,1201,2301,2301,1901,
3001,2201,801,1901,1201,401,2301,701,1801,1,901,1201,-199,301,101,701,1401,601,1101,601,
1401,1801,1501,1801,2101,1301,401,1201,1001,2501,
4101,2501,3001,1401,901,101,801,1401,301,201,-499,2101,1001,201,801,901,1001,2601,-99,1101,
2301,2001,1701,1401,1001,1901,1701,1301,1601,601,
4201,1701,-299,2101,501,501,1801,2401,601,301,1101,501,-599,701,601,801,2901,2201,801,701,
3101,1401,1901,1401,1501,1501,2101,1101,1801,1401,
3101,901,1501,2001,1,1101,1901,2301,2501,2301,601,3201,701,401,401,2301,701,501,101,301,
2101,2301,1301,1801,1701,2401,4601,2601,1001,1201,
1201,4201,4001,201,901,-1199,1001,301,-99,1001,801,1101,401,-499,1701,-99,1501,101,201,-499,
5301,4501,2201,2301,1001,901,1701,1701,3801,1701,
4501,2801,1101,601,401,501,101,-1099,101,1401,1,-199,-299,2901,-99,1801,-199,601,2001,801,
4401,3601,3301,901,2201,701,3801,801,401,2301,
5201,3601,1,-899,301,-99,-1199,701,1901,1801,1,3001,601,-99,501,-99,1401,2901,-999,-699,
2401,4501,3501,2101,1401,2101,2801,2901,4001,1001,
1101,2901,-1699,-1999,2301,-599,301,2701,501,-299,1901,1601,-299,1501,-199,-899,-399,2101,1801,1,
4001,2701,2001,1801,3101,4101,4901,1301,2901,3901,
2401,1101,1201,1201,301,-99,2401,-299,3501,501,1901,1701,1101,301,-99,2001,801,1201,1001,401,
3201,1701,3401,1601,1001,1801,1701,1501,401,1501,
601,2001,501,2101,1701,1201,2401,1701,2501,901,1101,-199,3801,-99,1401,1401,501,-99,2101,-1099,
1401,1001,1701,2001,801,1301,3001,2101,1901,1501,
2101,1001,801,-1199,1101,2401,601,201,3301,1301,701,501,3501,2901,501,1601,-199,1,301,701,
1701,4001,1901,2201,2101,2101,1601,2601,2001,2801,
3001,3201,1201,101,-199,-199,801,901,801,2301,-199,1601,-1299,201,1201,-299,101,1001,1001,1701,
3501,2301,2401,2401,1101,1801,1601,2301,1301,1101,
901,3201,901,1501,601,1201,1701,1901,701,1201,2801,2301,401,701,-99,101,-399,201,901,201,
2701,2601,2001,3001,1701,1101,701,2801,101,2001,
2601,2601,-399,1701,3901,-599,1001,1601,1201,1,2101,901,201,501,-299,401,301,-99,1101,701,
2401,3201,2101,1701,2201,701,2501,1601,3501,1201,
5901,801,1701,401,601,101,501,901,1001,1501,-1099,2101,1401,801,1701,501,2801,601,701,1601,
2801,3101,1501,1201,2801,1501,2201,1601,1901,1701,
2101,3101,901,2501,-199,101,1001,-299,1001,601,1301,1,101,901,1901,901,301,1001,-699,1201,
3301,2401,1801,1601,1301,2801,1501,701,1501,1001,
2901,801,-799,701,2201,3001,-799,501,2101,-399,701,2501,2101,-299,1301,801,1,501,1601,401,
4001,2201,1901,1201,1301,1401,2401,1101,3801,1401,
3001,1,101,501,701,401,2801,3701,1001,1701,2501,2701,501,-999,601,-599,1001,-99,-99,1501,
2201,2101,3701,1501,1701,3101,3101,2301,1901,2601,
3001,2501,2001,301,1301,-2499,1201,1001,-899,701,1401,1201,1601,-399,2701,-99,-199,401,-99,401,
3401,2201,2801,2501,2001,2101,1201,3101,1801,2001,
3701,2401,2401,2301,101,801,401,3401,-1099,601,2701,1301,1601,4601,1001,3001,1401,601,1401,-99,
2701,1401,3201,3201,2901,2601,1701,2601,1201,2101,
3001,1001,201,901,1001,1601,3501,-299,601,701,-599,1701,1201,1501,1001,2701,501,401,701,-599,
3101,1701,1301,2001,1901,2601,1501,1701,2601,2101,
4701,1701,501,2401,2301,1001,301,301,2501,1801,501,1801,-199,401,601,2001,1301,801,2401,2601,
1601,3101,2001,1401,2001,701,1801,1601,1701,1601,
2501,3601,701,401,-499,301,2801,701,501,1301,1001,401,-199,1401,-99,-599,101,901,1101,301,
2101,2701,2501,1901,2901,2801,501,3101,1801,2201,
2901,3401,301,1901,1401,401,601,301,1501,201,401,1601,-599,901,1301,101,1301,501,201,501,
2601,2701,2201,2701,1901,2701,401,2101,1901,1701,
3201,801,301,-699,1001,1101,-299,4301,201,-399,1001,2201,3501,201,301,1701,2201,101,701,-899,
2001,3301,1001,1201,1501,701,1101,1401,2001,701,
4001,3001,901,1601,401,201,1001,1,1501,1201,701,1501,-199,1001,1101,-99,1,-799,2801,1301,
2201,1401,2401,901,1901,1501,801,2201,801,1001,
4101,2701,601,201,-299,1201,1501,201,101,501,1801,501,2101,1801,601,1,2801,1501,1001,1001,
1201,1801,1101,1301,901,2601,2301,501,1501,2301,
1401,3401,2401,401,401,1701,1301,2901,101,1601,701,1301,901,101,1301,901,1701,1801,1201,2201,
1601,2501,1801,1001,2301,1801,1501,1201,2201,1401,
3601,3001,101,2801,201,301,1201,301,601,1901,2701,101,701,901,1101,2201,801,-399,701,1201,
3301,2301,1301,1601,1101,2501,3301,1301,701,2201,
2801,501,2001,1501,1301,-199,2901,601,1101,1001,101,-199,1501,1101,401,1401,1601,901,501,-99,
1601,3001,1601,3501,1201,3301,2001,1301,301,2601,
4101,801,401,-99,1101,1301,201,301,901,3201,1101,-99,-299,601,1301,1301,601,101,2001,1501,
1901,1801,1001,1401,801,1501,2601,2101,2301,2201,
3001,2401,1201,1201,-599,701,1101,1,701,501,701,-499,2301,-99,901,-299,401,1101,301,1001,
2101,3701,2701,3001,1301,2201,1401,1601,3201,2301,
1901,5001,2601,1101,901,701,3401,1101,601,901,1901,1301,701,1,801,601,1401,801,401,-699,
2101,2401,1601,1601,1401,3201,2301,501,2101,2601,
2801,3001,801,1001,-799,1401,301,501,601,-99,1,501,-1299,301,-599,401,901,601,701,801,
1801,1101,2301,3701,3201,3101,2001,1001,1401,1301,
4401,601,1101,-1299,801,-199,-699,901,1,-99,901,1001,1101,1401,-99,101,1601,1401,601,701,
1801,4201,1401,701,1801,2101,2001,2301,2501,1001,
701,1201,601,801,1,2101,-1299,1501,901,301,1501,3401,3701,501,1101,401,701,1001,2801,501,
2401,1701,2101,601,1801,701,1401,1201,2101,1201,
3001,1901,1901,1,501,2401,201,2101,1401,1301,601,501,701,1101,501,-299,2901,3301,-299,701,
1101,2301,1301,1401,1501,1501,1801,4501,2601,1201,
1601,2201,-1199,1001,1401,901,-499,1601,1301,1,1501,-99,-299,701,1401,301,101,1301,2101,-499,
3601,1801,2501,1701,1101,1501,2801,901,1101,1701,
801,1401,101,1001,601,1201,-199,901,-399,1401,1,801,101,601,301,501,3601,201,-699,201,
1701,4401,2101,3701,2701,1801,2501,2101,1901,801,
2501,1401,-699,201,2901,201,1601,701,201,301,101,-499,-999,601,501,101,-199,-199,-399,101,
2801,4201,1401,1301,801,2601,1401,2801,2701,2301,
3101,1501,701,-99,1801,-799,301,601,2701,401,-699,1401,1301,701,-799,801,1301,2201,701,301,
4101,2101,1701,1301,1601,2401,3201,801,2601,1901,
801,1501,2301,-999,101,601,301,2301,-499,1,301,-999,-299,-899,-1499,-599,1401,-599,3601,-699,
3001,2801,1701,2001,1501,2501,3501,1201,2001,3301,
1201,1401,701,1401,201,1801,-299,-199,-1199,-1199,801,2001,701,1701,1401,1401,201,2801,601,-599,
3901,3601,1801,3501,2201,2601,2701,1201,3001,1801,
2601,1801,1,701,2101,2201,1,501,1101,-99,-199,601,301,-399,1,801,201,1901,2201,601,
3001,3501,1101,1801,1001,2101,1701,3201,2501,1301,
1701,1801,-599,601,1301,701,701,-399,501,201,1601,-399,2401,601,-499,301,601,-199,101,-199,
3201,3401,2601,2301,5001,2101,1401,3201,2701,601,
2801,3301,401,-599,2501,2501,201,1401,2601,701,-199,601,-1099,-199,2401,1201,201,101,401,-299,
3701,2001,3101,2501,701,901,2301,2501,2501,2101,
1201,3301,601,-699,1401,-99,901,301,1501,3501,2301,-499,801,901,1301,3101,-499,2501,801,301,
1301,1601,1001,2201,3601,2001,1701,1201,2801,4001,
3701,2801,1001,701,-99,4401,1601,501,-599,201,301,2101,1401,-499,701,2001,301,2401,-399,301,
3801,2501,2701,1301,1501,2901,3601,2101,1001,1701,
4201,4101,4401,3801,201,-199,101,901,1,1001,601,-299,1001,801,801,1401,901,601,1401,-199,
1901,1801,3401,1501,1801,1801,1501,501,3201,901,
3001,2201,301,1101,-99,2201,2101,701,2801,-299,2801,201,1801,301,-899,1201,1,1401,-399,601,
1901,3301,1901,901,1401,701,1001,2101,3501,2601,
3001,3001,501,1701,2701,1401,-199,2601,101,601,1301,3101,1001,101,3501,-99,3701,1401,-399,4901,
2401,1701,1901,2401,3501,301,1001,2501,2101,1501,
4201,3401,1701,1001,501,1601,201,1501,2701,601,901,2701,1801,-199,1301,1601,2301,-199,2901,3001,
4001,2801,1801,2001,1301,2301,1401,3001,1101,3001,
4601,2301,-299,1401,-299,1301,3401,3101,901,1801,201,2301,2101,201,801,801,2101,5101,2301,501,
3001,3101,1801,2701,1301,1101,1201,1601,2001,601,
3501,1901,901,2201,2101,1701,2101,3101,801,2001,401,701,1301,2301,1901,1401,-299,3401,401,-1399,
3801,2101,4001,1401,2001,1501,1801,1801,3601,1301,
4701,3201,201,1001,2301,501,501,1101,1301,2101,1301,601,2101,2801,1201,3201,3201,1201,-399,-399,
2001,2801,2801,801,1501,1301,1301,2501,1701,1701,
2801,2901,901,1501,2001,401,201,501,1201,2101,2101,1101,1401,801,3201,401,-199,1201,-399,1801,
2101,4201,2501,1501,901,1801,1401,2901,2101,2001,
3501,1701,1301,1401,1101,601,4301,1501,-299,501,1601,-499,401,2401,1001,501,2001,1201,2701,1401,
2901,2701,1801,901,2901,1401,2201,1501,1401,3001,
3301,1601,2701,3101,3601,3901,2601,1301,1101,-899,1101,-799,1401,1001,2001,2301,2601,501,1901,2501,
2501,1301,1601,1001,2101,1801,1501,1001,701,3101,
2701,2201,101,101,801,1701,3801,301,1101,601,601,601,1601,1401,1001,4001,1001,501,401,401,
2701,3701,1901,401,3301,3001,1401,1801,1201,2301,
3601,3101,1801,2101,-299,1701,4101,-899,1501,2701,-599,401,2401,1301,201,1301,1,2301,1801,701,
2201,3501,2101,901,3901,601,901,1801,701,2901,
2901,3101,301,2801,301,1601,2101,-1399,1,3501,801,2401,1101,1001,3101,2401,2901,1301,301,1001,
2501,2801,1501,2301,601,901,3701,1701,1001,1501,
1301,2301,1,1001,2801,1801,2201,801,1101,1001,501,2801,701,301,1701,2801,1401,-199,201,1501,
1201,3801,1101,2001,1001,1101,2801,2001,2401,1901,
3301,1501,201,-299,2201,-299,2701,901,2001,3201,1901,1701,1901,-199,901,2401,4401,2701,1,1,
2601,1901,1601,1301,1801,1001,3301,1101,1601,301,
3201,3001,3001,601,2101,2701,1601,3201,1501,1701,1601,1,3701,-199,2301,1,1501,1001,801,801,
2101,2401,1301,1601,1101,901,601,3201,2201,2401,
3501,901,-199,3001,201,1201,3301,301,2901,201,3501,1001,1401,601,5301,1301,2601,1401,1501,1201,
1101,2001,2501,2301,1901,901,1601,1201,2701,2301,
5401,2501,1301,1001,2101,1301,901,701,-499,701,601,1901,1601,3301,1401,1,3201,2101,401,301,
3601,2801,1101,1201,601,1201,1501,1001,1901,1801,
3801,2901,1201,401,1601,3201,801,-499,501,1201,2101,2501,1501,1401,1,1901,-199,-199,301,1501,
2501,2701,3001,1201,701,2501,1401,1501,401,2201,
1801,2401,2101,2301,401,1801,801,401,301,1601,1601,-799,901,3101,-399,801,1501,2801,-199,1101,
1701,2701,2101,2701,2201,2701,1101,2301,2401,1801,
1401,1501,-399,601,501,-299,4201,501,1601,1801,101,1501,801,2101,1801,201,701,3601,901,801,
1601,2701,1001,1401,1701,1901,1601,1001,801,2301,
3001,2401,-699,1501,-1299,1,1301,701,601,1,501,1701,401,2601,101,1201,1501,101,701,1,
1701,3001,1701,3701,701,3201,2101,2101,1501,901,
3501,2001,2801,-99,-199,501,401,-99,1101,-199,-99,2001,3101,-399,1401,601,-599,601,-1299,601,
4301,1901,2101,1501,2401,2301,4001,1901,1401,2401,
2401,1801,-799,1501,501,2701,3501,-499,2401,2401,2201,601,4201,-299,901,-199,4501,3601,801,301,
3401,2601,2001,1801,1801,2001,4101,901,1701,2001,
3001,3201,101,3101,601,501,801,1601,2701,2101,1101,1001,1301,701,801,3801,1401,1701,5201,3501,
2901,1401,1401,1701,801,2901,1801,2301,2001,901,
3601,2901,901,-699,2001,1101,1901,701,-299,1701,701,201,1401,1801,2801,1201,-199,1901,2501,-99,
701,1901,2001,2901,2601,1201,2201,2701,1001,2901,
1401,4201,201,1401,1901,4201,1101,601,-499,301,2901,-399,1601,601,2601,201,101,1901,701,2001,
2201,1601,1901,1001,1401,1901,1601,1601,401,901,
2701,3901,4401,701,2601,-299,3301,2901,1201,3401,401,1701,501,301,401,1301,1101,3701,-999,401,
3601,1101,2501,1501,2101,2301,2701,701,2101,2301,
4201,4001,901,1101,2801,1301,1201,1201,1501,1401,3201,3401,1301,401,1101,3601,2501,401,2601,2201,
1201,2101,1501,1501,1901,901,2101,1801,1301,1701,
3601,2301,2701,1201,3101,2101,-1399,-399,1201,2701,1201,1901,2201,2301,1401,601,1301,701,2201,-999,
1201,2501,2401,1201,901,901,2001,1901,901,2301,
1401,1001,-199,1501,1,4301,901,1301,-199,1901,1201,101,1201,901,101,501,2601,2001,2401,601,
1401,2601,1801,2001,2201,1701,1701,2401,2101,1501,
3901,3201,1101,1401,201,-99,2501,1401,1001,1001,801,301,3501,201,1201,-299,701,901,701,-399,
1501,1401,2101,1901,1901,2301,1301,1801,1101,1901,
3801,3801,901,1,-99,1301,-699,-799,201,-499,1101,601,1301,-599,201,-699,-499,401,2001,701,
2501,1901,2401,1201,2801,1901,5301,1601,2501,1201,
1301,3101,2301,1701,-299,-299,801,701,1601,801,-799,1901,501,-99,2201,401,1801,2601,1801,-899,
3701,1101,1301,2001,1401,1101,2701,1101,801,2201,
3301,2401,1701,401,501,2001,401,-599,-599,101,-399,801,2201,-599,-199,-199,1601,-1999,-599,3101,
3801,1101,2301,1401,2201,501,5001,1901,2101,801,
1301,1801,501,2501,701,1201,1201,2401,3501,2901,101,901,3601,101,1101,1501,401,401,-999,801,
3301,1601,2401,1601,1701,2201,1401,1001,3201,1001,
3101,2201,-699,901,201,-99,1,-99,401,901,3101,-599,2601,-99,2701,-1099,2501,301,501,-599,
2401,2501,1101,2301,3901,1001,1901,2901,1301,2001,
4701,2701,501,701,-499,1,3001,1301,4101,3501,501,-799,1301,301,2001,1101,2201,1001,901,101,
4201,3401,1101,1701,901,2001,1901,901,1101,2301,
4101,2501,601,3901,1801,1001,3301,1,-499,1801,1301,3601,4101,-299,2301,-1499,1501,1001,2801,1901,
3101,1401,1001,1901,1301,501,2601,1601,1001,3601,
2601,1501,801,1601,701,1401,701,1401,701,401,1001,1401,201,4401,1501,3601,2601,1101,901,201,
3101,3301,1101,1101,1701,601,1601,1801,1501,701,
1501,5401,1501,2301,4001,901,2101,401,901,2001,1801,801,2101,-499,1701,1,1501,701,1101,1401,
3901,2301,2801,1301,1201,801,901,1701,1701,3601,
5101,3201,601,1001,1201,1001,1801,1501,601,1901,301,201,-399,1,1501,1,2401,901,1101,1501,
2701,1901,601,1801,1601,1101,1301,901,1501,701,
4201,2401,5401,1501,401,601,-199,301,2701,2201,101,401,101,501,2301,601,1701,-599,101,501,
1801,2501,2901,801,801,601,1101,1701,1001,1701,
3601,3501,2501,801,1501,1801,301,1601,1101,3501,1001,-99,601,-399,1101,301,701,1201,-399,-499,
2201,3401,1501,601,1001,2601,1401,1701,801,2001,
3601,4501,1,1201,1001,1001,2401,-599,1201,-499,1601,2401,1401,201,1201,801,2601,1701,601,901,
2301,1901,1301,1101,1501,2501,401,1701,1501,501,
2901,1401,1301,3001,1,-99,2701,1201,101,501,-99,1601,601,2001,901,401,901,201,801,1501,
1401,2401,1101,3301,601,1201,1301,901,1001,1501,
2101,1701,-799,1101,2601,1001,1401,-299,601,-999,301,201,-699,301,-799,1001,1801,101,4501,201,
3001,2501,401,1701,1701,1501,3401,2001,901,901,
3401,401,1001,1101,501,-199,601,101,-99,-399,4301,-399,-1099,101,701,401,2901,1401,201,501,
4501,1201,2701,901,1601,2601,601,2201,1601,2401,
4201,1101,101,1801,-299,201,-1099,401,-299,201,1801,501,-999,1,-799,801,201,1101,1,1,
2201,2101,2201,2201,2601,3101,2101,2301,3701,801,
901,1201,501,801,801,1201,-199,-99,201,-99,1001,301,1601,2001,601,1401,901,-1199,1401,-499,
2101,1701,1601,1501,1201,2601,1301,1901,1601,1901,
401,501,101,2301,401,-99,2201,301,901,501,601,601,1201,-399,101,-1299,901,1,701,1,
1501,2501,1401,401,2001,1701,1201,1601,2701,1901,
2701,2801,-99,1501,201,601,2301,-199,401,1101,101,-699,201,-99,-699,601,201,201,201,101,
1701,2501,901,1901,1701,1301,1901,2001,2201,1201,
2101,1001,-399,1201,801,1001,701,1401,201,-599,2101,2401,1,3401,401,1901,-599,1301,901,201,
1101,1801,2001,1001,1301,1401,601,2501,1001,2201,
1901,3601,1401,2101,-499,-399,801,901,201,-199,-99,701,501,1901,2201,601,-99,601,-299,-599,
801,2501,601,1401,1201,1401,901,1801,1901,2101,
1901,1301,401,2901,901,1401,-599,1,901,301,-99,701,901,301,901,2501,-299,101,-399,-899,
2601,2101,2201,3101,1701,1201,1401,1101,1801,1301,
2501,1601,1801,901,201,501,-299,2901,-299,-299,301,101,1201,1301,-899,401,-299,1301,401,5301,
3501,1301,2801,1601,1201,2401,2001,2901,1501,1101,
4101,1301,1701,-399,501,1501,-99,1201,-599,2801,-699,601,-99,501,401,1,-799,501,201,-199,
3401,2801,2401,2801,2201,2301,2901,2601,1101,701,
4701,601,601,2001,1501,1,301,201,-799,901,-299,801,2001,1801,3201,-199,1101,401,601,1001,
1001,4001,1701,2001,1301,1901,2001,1301,2201,1101,
1901,1001,701,501,901,701,-199,-99,901,1001,201,2201,401,801,501,1201,4001,1101,1001,1901,
2601,1201,1101,1001,1301,2201,1601,801,2001,3301,
4601,1001,2301,3201,1801,201,4601,401,1,-199,801,901,101,-99,301,-199,-199,601,1301,901,
2101,2401,2401,1001,401,2801,1101,2001,3801,601,
3901,701,-999,-299,301,-799,-499,301,801,1201,-499,1101,801,401,601,1401,601,201,2101,-99,
3601,2601,2201,1201,501,2601,2001,2401,3501,801,
3401,1201,401,601,-799,2201,1801,1701,-1799,601,501,1,301,901,201,3801,1601,1301,801,1001,
1901,1801,1501,801,1201,1401,2001,2601,1301,2001,
3001,701,-1099,-199,1,2001,-99,-199,2101,201,701,501,1001,1601,1401,201,401,701,-999,3201,
2901,1201,2301,1101,301,1501,1801,1301,2501,801,
3701,1601,-799,1801,1301,1101,601,1501,-599,301,501,1201,1501,1901,-99,-399,601,201,601,601,
801,3901,501,801,1801,1301,1201,1701,2101,3001,
501,3101,701,501,1701,1501,-1599,-899,601,-299,1501,401,101,1401,401,2801,301,-2199,-299,701,
4601,3401,1701,2501,2801,1001,1101,1701,1301,2701,
1701,2401,201,1001,1,301,2001,1301,-199,1701,401,801,601,501,1701,-99,3201,201,301,2201,
2901,2801,2801,1201,3601,1601,1101,1901,2601,2401,
3601,1,1101,1901,-499,301,601,-499,1801,701,101,1801,-199,-1599,201,3401,1901,801,1701,901,
2501,1801,2401,801,4201,1601,901,3301,1201,901,
2701,1801,1,701,301,-999,4201,-199,-99,301,401,1501,401,701,1901,801,1301,-299,701,501,
2201,2201,2401,301,2401,601,1101,901,501,1401,
3401,2001,-99,1201,-499,2101,1301,901,1601,3601,-199,-299,1901,2101,2001,1301,401,-399,1301,1201,
3301,3001,1701,2101,1401,901,701,1001,901,1601,
2801,601,-499,-699,-99,1001,-499,101,601,1,1001,-499,-1999,-199,2101,1901,1,1101,-99,2801,
2101,2901,701,1701,1701,2601,3801,3501,2001,2101,
2901,2201,-1399,1101,301,401,901,2201,2301,-699,-199,801,1201,2101,1501,401,701,301,1101,1601,
2701,2301,901,1501,1501,1301,1201,2601,901,1401,
1701,1101,801,4701,501,2201,501,701,901,1001,1001,901,-99,501,1201,1201,-99,201,1801,1501,
1801,4201,801,1801,701,1701,2501,1101,701,901,
4901,2201,2601,1101,601,501,-399,1001,2401,801,1601,1001,501,601,-99,701,901,-99,1201,201,
2301,2001,801,201,1001,1301,401,601,1301,1401,
2601,2401,2601,-399,1301,2001,1401,901,1701,-1099,401,1401,101,1301,301,-699,901,901,501,1,
3501,401,3601,1401,1301,1301,1701,1601,901,2101,
2201,2201,401,1101,601,1901,1001,-299,601,3101,801,801,1001,1,801,301,1001,-499,401,-999,
2501,1201,2601,3801,2101,1501,1501,1601,1401,701,
2201,3901,701,1801,-699,1001,1,-599,301,801,-199,1,101,701,1301,-499,701,-99,301,201,
2301,1801,1001,2201,1501,3401,1901,1001,1401,1801,
1401,1701,901,201,1201,1301,301,601,2001,-199,1801,-699,1401,3401,301,1,-799,801,1,301,
1901,1901,3901,1901,1601,1201,1701,2301,2601,701,
2401,3301,801,201,801,501,1901,-1199,401,1,701,1,2901,501,2301,-899,1101,401,601,101,
3901,2601,1901,1201,3201,2301,701,1201,601,1701,
2601,3001,2101,-699,701,2001,1601,1401,-1199,1401,1801,1801,1,-499,1,301,501,301,201,1901,
2701,2901,1901,1801,1701,1901,2501,2901,2501,2301,
3801,1401,1501,501,-899,1101,-399,901,901,701,1301,3201,-399,1601,2501,1201,3601,-399,-399,-499,
2301,2901,1401,1801,1501,701,2901,1501,2801,2601,
2801,2201,901,701,1201,2901,1901,3201,1201,3501,401,1101,1501,1,1101,1201,301,3301,901,1001,
1601,801,1001,2601,2301,1001,901,2401,1801,4201,
4601,2601,901,1501,3301,1701,1001,1401,2801,201,3701,501,401,1101,1201,801,-1199,1801,2201,-799,
3201,2001,4001,1401,1701,3301,1101,3401,1801,1901,
2201,3101,601,1101,801,1101,2001,601,1801,1801,2401,3101,301,-199,801,901,3601,701,401,-599,
2501,2901,1601,701,1201,1601,2501,1001,2301,3301,
2001,2401,2301,2501,401,2401,1,-899,301,1001,2801,2501,701,1001,1001,1501,2101,1201,-299,-699,
3001,3201,2801,2101,1001,1501,2101,901,1101,1501,
3401,3401,2601,201,-99,1101,101,1001,601,-999,201,201,1801,-1699,2901,301,2101,-1299,401,-999,
3201,4401,2201,2101,2001,2601,2801,4001,3201,1101,
2401,3801,1001,801,1101,-499,1901,-799,501,1001,-899,1801,301,401,201,-999,2501,1,-99,1001,
4001,3501,3201,1401,2401,1601,1501,1901,3301,1001,
4001,3001,301,101,-499,301,301,3001,1201,-1599,3901,1001,201,301,-99,2001,-499,1001,301,-299,
4001,2601,3301,2301,1701,1601,401,2201,3101,3401,
3501,4801,1601,201,201,-99,201,-499,2301,401,901,701,701,3001,2201,1801,701,3001,2201,1101,
2601,2801,1701,1701,901,901,1501,3201,2401,1401,
3701,2601,1101,1801,501,2401,1101,3101,1401,101,2001,2801,2101,2601,201,1601,-799,1501,3901,501,
2901,2301,1201,2501,1701,4001,1101,1101,2801,2801,
4501,2001,1801,301,1601,801,401,1901,4201,1501,1301,1201,3701,1101,1901,501,2101,1901,701,2101,
2701,1001,1001,3301,1501,3701,1201,801,2201,1801,
2501,2001,401,501,-399,1401,2101,301,-199,3601,1101,2901,1601,1701,801,1001,-399,1801,3201,101,
4201,901,2701,2101,801,3201,901,2701,2101,2301,
1601,2401,1,801,3001,1901,2801,501,-399,401,1701,2701,201,901,701,2901,2101,-199,-799,301,
2101,1701,2401,1001,1501,4301,1401,3801,2601,2201,
3101,1801,3801,1001,1901,701,701,1,1301,1101,501,1801,2601,1901,501,2801,801,1601,1901,-899,
3701,2701,1101,901,1101,1401,2901,2301,1201,1401,
601,3101,1101,4101,801,1001,201,1501,2601,1301,2601,601,-299,2601,-199,1101,201,301,2501,1801,
1801,4001,3201,1801,501,1601,1401,2101,3001,1901,
3401,2301,901,1001,1901,2101,801,1101,401,2501,1001,-699,901,1701,-599,101,1601,1,401,801,
3401,2901,1401,3101,1001,4401,2401,2701,1101,1701,
2201,2101,1601,1401,1101,801,601,201,-99,501,1101,401,1201,1901,-399,401,2201,401,101,1001,
4301,3401,601,1201,1701,2101,601,901,3701,1401,
2601,1901,3401,-199,1801,801,1101,1601,1001,301,801,1201,1501,-299,801,1301,2101,2701,3201,1101,
2801,2401,1801,1601,701,401,401,2301,401,1001,
4301,1901,1501,1601,401,301,1201,1,1601,2801,1701,3801,1001,301,2101,2401,3001,1401,401,1201,
2301,1501,1601,1101,2501,701,2801,901,2201,1201,
2601,1601,2701,4001,3201,401,401,301,2101,1401,2101,-699,601,-699,501,1201,401,1201,2201,2001,
2201,3401,1601,3101,1001,2601,1301,801,1601,601,
1201,2701,3501,801,1201,401,2101,701,2701,201,1701,5301,901,1,1101,1801,3501,2501,1301,1601,
1801,2101,1301,601,2201,601,901,1801,2101,901,
3701,1701,101,1301,1701,3601,1901,-99,901,1701,201,1901,1701,3201,1201,801,401,2101,1601,2801,
2201,1701,5001,901,1401,2201,1401,1701,1401,2901,
4301,2901,-99,2501,-299,201,-499,3001,401,101,501,701,3901,501,1601,101,501,901,301,-599,
3901,2601,1101,1701,2401,4001,2501,2301,2601,2101,
3701,1901,1301,601,101,2701,-299,4701,3601,5801,1801,1801,501,601,701,401,701,401,1801,801,
2001,1901,1101,801,901,1901,1801,1901,4301,2501,
6601,3601,2701,5901,4101,-99,701,2401,1801,2501,1201,1301,3601,301,2001,301,1401,5101,1,1701,
3401,3201,301,2501,1801,601,1301,2101,2101,701,
4201,3301,2201,701,401,3901,1,1701,1501,-1099,1501,1201,501,1201,1601,-199,501,1201,4601,1501,
3401,2601,701,1301,1101,1001,1401,1301,801,1401,
3701,3101,1501,-1299,1001,-499,2601,201,2001,3301,4601,101,3201,601,-199,3001,101,701,1301,201,
2101,701,801,1801,901,1001,901,801,2601,2101,
5801,1701,2001,1701,2401,2401,3401,1101,2601,1201,301,1301,3901,3701,2401,3601,1901,901,1101,501,
1801,1601,1201,1801,1601,1601,1001,2501,901,1001,
2801,5101,1601,2801,2601,1801,901,901,4901,2301,1101,1601,2201,-199,301,901,901,1001,901,201,
2901,901,1501,701,701,701,1201,2801,1101,1601,
4401,2901,1201,501,1301,1201,701,901,4401,1301,-99,2001,1001,1701,2001,1301,2901,1,-199,401,
1601,1501,2501,2201,501,2801,1701,1401,1001,1101,
3601,2201,2301,1701,601,3301,-99,-99,901,901,1901,1901,1601,4301,-99,1401,1,3501,1801,4801,
2801,2101,501,1701,1201,1401,301,701,1401,2601,
3401,1401,2801,201,501,301,3401,1901,601,1901,1501,1501,1701,901,701,1501,301,1501,101,2201,
2901,1701,701,1701,1101,4001,1701,801,1101,1701,
3101,2901,1201,2201,2101,2601,301,1701,401,1201,401,401,4801,-299,601,201,501,2301,3701,1101,
2701,1401,401,801,901,2001,1401,1101,1201,501,
3601,3101,401,3301,1701,2401,1901,1001,1501,801,1501,-199,1801,401,201,201,2601,2701,1101,1801,
1801,2101,2201,1501,901,1801,1501,801,2001,401,
2201,1901,1,401,901,601,2201,901,2701,701,1201,-699,201,2601,801,-899,1801,101,2001,2701,
3201,701,1201,2101,1901,1001,601,2301,1501,1701,
1901,2001,401,1101,3401,501,2001,201,3301,2101,1101,601,2201,1501,1301,1401,601,2101,2301,201,
1901,1701,1101,1601,1201,2001,4101,501,2601,1001,
4201,2901,801,3301,-99,401,2301,3001,801,401,201,201,1801,-1199,5201,-699,2601,301,601,-699,
1901,2601,1401,2301,701,1201,1501,3901,2601,2301,
5401,3401,501,201,-399,1101,1001,1901,701,1401,301,1901,401,1101,1601,701,4201,1901,401,2901,
2001,1601,1501,2301,1101,2401,1701,3401,1501,1501,
4001,2101,1001,-199,1701,1,1,101,1301,2101,-199,601,201,1901,501,601,-1099,1301,401,1,
2701,3601,2001,1901,1401,3001,2701,1101,2001,1901,
1901,3401,-299,-399,101,1101,2601,2801,501,-99,1401,601,2501,3101,301,2601,-399,2701,1,-1599,
2001,3601,2601,2101,901,2301,2001,2701,1301,2101,
2601,801,2201,-799,1301,-99,1501,1001,901,3101,601,-799,2501,2601,101,901,1201,3301,1601,1801,
2601,1201,2501,2101,2101,801,901,1701,2101,1901,
3001,1201,401,701,1201,901,-499,-499,401,1,1101,1101,201,4501,801,1201,501,-499,201,2601,
3401,2401,2401,2201,2401,901,2101,1901,2101,901,
3201,4001,2801,4101,1101,1701,1901,-1599,3801,1101,301,901,3501,2101,1201,1001,301,1801,2001,1201,
701,1801,301,1101,1301,1501,1801,2701,1501,901,
3501,3101,701,501,501,1,-699,1101,-499,801,301,-999,101,1101,1301,3001,2701,-499,2201,-1599,
1301,1401,1901,1201,1401,1901,1601,1901,4601,1901,
3001,1801,1001,501,801,3001,-199,1101,701,1901,901,2201,2001,1801,501,901,2701,1901,-199,401,
4001,2001,901,1101,1001,1601,901,701,1501,1701,
1301,3101,4001,201,1401,1201,1601,1301,1801,1801,1401,301,2401,1101,1,601,301,1901,2601,1001,
1101,1001,1601,1801,1301,401,1301,2901,1701,801,
3401,3101,2601,-699,1201,2401,1101,1401,1,701,1801,101,401,501,501,1001,401,801,-999,2301,
1301,801,901,2601,1701,501,2501,1301,2701,601,
2601,2401,-99,1,601,1701,1201,-499,2401,1201,2101,201,1001,901,601,901,901,1601,1401,1201,
1201,2401,301,2101,1001,1701,501,1501,501,1801,
701,1901,501,1801,-199,-199,101,701,301,701,1601,1,101,301,-899,701,301,1901,601,901,
1501,2101,1601,1301,3001,2601,2201,1201,2901,1201,
401,1601,501,-99,1101,1701,2201,901,-199,1601,1101,1501,401,2401,401,1501,1201,601,801,101,
1701,1701,2001,1801,2201,801,1401,701,1001,701,
3201,1401,3301,501,301,1901,1601,1601,401,-399,1401,901,201,801,1001,4701,-499,501,1001,501,
2401,1801,2301,1801,1001,2101,1301,2501,1601,901,
2701,2301,2001,3901,1301,-1399,-499,2001,901,3201,-299,301,2601,-99,1001,701,1601,901,301,-99,
2401,1901,1901,2401,1701,801,1301,1401,3201,1101,
1801,4001,501,-599,901,1701,1201,1,301,701,601,901,1301,201,1101,2001,101,301,701,801,
1601,601,1701,1501,1901,2201,1501,701,1001,1601,
2101,301,1101,201,901,-299,-199,2501,1501,201,801,801,-499,401,1201,201,2301,301,-99,-599,
1701,1001,2101,2001,1501,801,2101,2001,2001,1501,
1501,2201,1001,201,-99,1001,801,1201,1401,1301,901,101,1701,101,1001,301,301,-399,1,-399,
1301,1901,1901,901,2301,2401,2501,3001,1701,1201,
2401,1601,1,601,701,401,-399,2101,1201,1001,1701,1,701,2101,1001,501,201,201,901,1,
901,1001,1501,901,1401,801,1801,1301,2001,1801,
2201,2801,1401,-99,501,1001,2001,1001,501,901,-99,1001,1401,1301,-199,801,1801,901,-399,-99,
901,1101,2001,601,801,401,1501,1901,601,1501,
3901,1301,401,2001,-199,1101,1101,601,1001,901,101,-499,2901,401,-299,101,201,801,1301,-99,
2301,1701,1701,1201,2801,1001,1101,3301,2501,2301,
2801,701,301,-599,1001,1901,801,101,-399,101,101,1401,1,201,801,1201,601,801,701,601,
3001,3001,1601,2101,1301,1101,1801,1001,3501,3901,
1601,1201,301,701,1101,2001,601,101,1,501,1501,401,901,801,1501,-199,601,401,-99,901,
2901,3501,1601,1001,1901,601,1501,1301,1101,1101,
2001,1401,1601,1401,1,1,501,401,1201,-99,201,1901,2001,1301,501,1101,1201,-99,601,2201,
3001,1901,1301,2801,701,1501,1501,301,1201,1101,
1001,1601,1201,1101,1301,1801,401,-399,1301,2601,-699,-999,-299,301,601,401,401,701,-799,-299,
5301,2701,3201,1201,2901,1301,1501,1801,1101,1901,
1301,601,301,401,1101,-599,-199,-399,701,-399,201,1001,1001,1201,-499,1501,101,1501,2001,301,
2601,4601,1201,2701,1501,2501,2001,3201,1301,1601,
2901,1301,-599,301,1301,4101,-199,501,1301,401,801,201,801,1201,-299,801,301,1001,701,401,
3901,3201,1401,801,1001,801,1101,1201,1201,2001,
2501,501,-499,-699,1301,301,-99,801,1001,-199,-1399,501,-899,1801,1001,-399,301,-1099,-399,401,
3801,3501,1201,3001,1101,1501,2601,1901,1901,1701,
-199,1501,-199,-899,2101,201,-599,1,101,-199,-99,-99,-99,501,401,901,1001,701,-399,1001,
3201,3501,2501,2401,1501,1501,2101,2501,3101,2301,
1701,801,901,401,-199,701,701,501,1,801,-899,-99,501,101,1501,801,301,101,601,1,
2801,2101,1201,2901,901,1601,2001,901,1601,301,
501,1,401,801,-799,901,901,1401,201,-99,901,901,501,601,701,501,-699,601,-699,701,
901,2201,1701,1401,1101,2301,1001,2201,3101,1101,
1101,-799,501,-599,-599,501,1101,-199,401,801,101,3201,301,601,901,-99,501,801,201,1301,
2001,1601,2001,2101,1901,601,2301,1101,1601,1701,
2101,701,501,401,-999,401,-499,-699,401,-199,1001,901,201,301,801,-499,1401,2401,501,201,
1801,2401,801,1401,2001,801,1501,2201,2801,401,
2701,2701,-899,401,1001,701,101,-99,601,1,1,1801,1,1301,-699,101,-499,2001,701,1501,
201,2101,2001,1101,1701,2401,2401,2901,1101,1801,
2301,1601,301,2301,1101,2101,801,1001,201,501,701,2301,801,-699,2401,301,801,1,1101,-499,
2301,1901,1301,1101,1201,601,601,3701,901,1801,
1701,2301,-599,801,501,301,1601,601,501,1201,901,1601,1,301,2001,-99,-99,801,-499,1201,
3301,1501,2001,1101,1101,1901,1901,1601,201,701,
1701,801,301,1101,1601,501,901,601,2701,1101,1101,1301,-199,1901,901,-399,801,2201,-199,601,
1901,1001,1501,2101,2001,901,1201,1801,2801,501,
2601,2101,401,101,2501,101,1201,201,1201,1101,101,3101,-399,1601,701,1001,-499,801,101,1501,
2201,1401,2301,1201,2101,1401,4901,501,1101,501,
1301,601,2501,801,2101,1401,-99,401,-599,1201,3001,201,-299,801,901,1501,801,301,2001,101,
3401,2601,901,1801,1701,2401,1301,2101,2201,2801,
2401,1501,501,1201,1,-599,-1099,1001,-1599,2701,-1099,201,1101,1,501,501,-99,2001,501,701,
2401,2301,1901,2101,3401,1301,1901,2801,801,1601,
2101,1501,1201,301,1,2001,101,2001,1,1301,1501,1501,-1199,-1299,-699,1401,801,601,301,901,
1801,1301,2001,1001,1701,1601,1301,2801,1701,1201,
801,1601,901,101,501,1,2801,1501,1401,401,-899,601,1,1201,2601,-299,401,1201,1201,401,
2001,2001,1501,1001,901,1701,1501,1601,1101,1801,
1901,1101,501,201,1901,1801,801,1501,101,-399,201,901,801,1401,-499,1,1001,801,3401,1101,
1201,1201,901,3901,701,801,701,1201,601,1001,
1901,1201,-299,-299,301,601,-99,401,2501,501,1501,201,701,301,-299,601,501,1501,801,401,
3201,1601,1401,1101,1701,801,1801,2301,3701,1801,
1901,701,1801,501,-399,101,1,1301,2001,1501,601,501,1701,201,2201,-99,-699,1,1301,701,
3401,2201,2101,2201,1301,801,1301,1001,1601,1201,
2001,301,401,101,-199,901,2001,1401,-499,201,501,2601,-599,1,1,501,-99,1201,701,1101,
801,3401,701,1501,1201,1601,1501,1901,2201,701,
-499,1001,401,801,1201,701,801,2801,601,601,3201,1301,901,201,501,1101,601,2201,1801,1201,
1601,901,1501,1201,1001,1501,1401,801,2301,1301,
2601,2301,-99,901,-299,301,-899,901,701,301,601,201,2201,1801,801,1001,1,1201,1701,2001,
3701,1101,1001,1401,701,1701,1301,1001,201,2101,
1701,2301,1701,601,4301,1901,1101,1001,201,501,-599,101,1901,-99,501,401,1401,2701,2001,901,
1601,1501,1601,1001,601,701,3101,1101,901,2201,
